,abr2_abr1_1,abr2_abr1_2,abr2_abr1_3,abr2_abr2_1,abr2_abr2_2,abr2_cladeA,abr2_cladeB,ayg1_1,ayg1_2,ayg1_3,ayg1_cladeA,ayg1_outgroup,ayg1_yg1,pks1_4thn_1,pks1_4thn_2,pks1_athn_1,pks1_athn_2,pks1_ywa1,rdt1_3hnr,rdt1_4hnr_1,rdt1_4hnr_2,rdt1_4hnr_3,rdt1_4hnr_4,rdt1_arp2,rdt1_cladeA,rdt1_cladeB,rdt1_outgroup,rdt1_remaining,scd1_arp1,scd1_cladeA,scd1_cladeB,scd1_cladeC,scd1_outgroup
Melpu1,,,,,"348577,289895",,,,,,,411912,,,357688,,,,333603,,,,359702,,,,,,,,,,
Plesi1,,,,,438493,,,,,,,427542,,,504568,,,,447401,,,,378107,,,,,,,,,,
Claaq1,,,,,,,,,,,,133094,,,135190,,,,135388,,,,130415,,,,,,,,,,
Elsamp1,,,,,43111,,,,,,,228960,,,303875,,,,,,,,"304366,258357",,,204697,,,,,,,
Herpot1_1,,,,,489149,,,,,,,381743,,,532268,,,,89849,,,,534522,,,,,,,,525888,,
Denna1,,,,,169836,,,,297534,,,,,,7918,,,,8051,,,,577436,,,,,,,,,,
Aaoar1,,430320,,,469757,,,,401580,,,,,,345420,,,,461359,,,,348499,,,,,,,,,,
Tryvi1,,,,,526536,,"481337,40692",,,,482481,,,,532527,,,,142370,,,,503769,,,,,,,,,577060,
Clasph1,,,,,,"7173,7176",,,812,,6252,,,,8027,,,,,,,,437,,,8025,,,,,,,
Disac1,,,,,407859,,,,389091,,323582,,,,147297,,,,,,,,387637,,,377570,,,,,,,
Zasce1,,,,66496,16616,,,,67215,,16385,,,,19481,,,,,,,,53509,,,19478,,,,,,,
Seppo1,,,,,,,,,109784,,33584,,,,118889,,,,,,,,33254,,,17865,,,,,,43012,
Sepmu1,,,,,,,,,148802,,149219,,,,159092,,,,,,,,147437,,,53262,,,,,,36082,
Cerzm1,,,,,112619,,92661,,38127,,96589,,,,68161,,,,,,,,93667,,,59406,,,,,,,
Mycfi2,,,28515,,,,,,41774,,28051,,,,216850,,,,,,,,210418,,,145765,,,,,,,
Pseule1,,,,,,,,,,,906069,,,,918470,,,,,,,,912931,,,947343,,,,,,,
Zymar1,,,,,772199,,"773727,773728",,774909,,766285,,,,767193,,,,,,,,770972,,,767191,,,,,,,
Zymbr1,,,,,,,"6287,1548,6288,1547",,8515,,3721,,,,2394,,,,,,,,3003,,,2392,,,,,9223,,
Zymps1,,,,,,,"805279,805278",,802975,,798767,,,,805572,,,,,,,,799679,,,805570,,,,,,,
Mycgr3,,,,,,,"36350,42222,35451,42793",,99683,,100584,,,,96592,,,,,,,,68710,,,87994,,,,,90337,,
Cloaq1,,,,566777,488744,,,,486241,,550157,,,,,,,,604325,,,,486420,,,,,,,,,618770,
Horac1,,,184516,,,,,,258790,,288641,,,,325322,,,,,,,,291159,,,325325,,,,,,,
TerNC1134_1,,,777339,,,,,,519172,,832773,,,,865128,,,,,,,,809476,,,803388,,,,,,,
Bauco1,,,,,,,,,417317,,34760,,,,30707,,,,,,,,32509,,,30716,,,,,,,
Horwer1,,,,,,,,,15517,,"5752,5115",,,,"15141,115",,,,,,,,"1726,11679",,,"113,15143",,,,,,,
Pieho1_1,,,,,,,,,,,258864,,,,273003,,,,,,,,211082,,,158203,,,,,,,
Ternu1,,,,,,,"282655,332107",,280935,,342828,,,,42869,,,,,,,,150373,,,332218,,,,,,,
Aciri1_iso,,,,,,149492,,,156105,,90561,,,,2407,,,,,,,,92841,,,62030,,,,,,,
Aciri1_meta,,,,,,94649,,,90720,,188380,,,,,,,,,,,,190924,,,139194,,,,,,,
Magpo1,,,,,11756,,,,,,9786,,,10304,,,,,3200,10300,,,,,,,,,,,,,
Gaegr1,,,,,2955,,,13831,,,8856,,,415,,,,,12202,422,,,,,,,,,,,,,
Artesp1,,,,,428457,,425515,351438,,,485463,,,220448,,,,,455110,448648,,,,,,,,,,,,,
Apimo1,,,,,42274,,160008,552261,,,204463,,,164916,,,,,191349,34396,,,,,,,,,,,,,
Khuory1,,,,,"492198,118283,498999",,,239394,,,270337,,,540916,,,,,475530,45436,,,,,,,,,,,,,
Truan1,,,,566043,520193,,,528603,,,682510,,,657577,,,,,9432,603312,,,,,,,,,,,,,
CodFL1790_1,,,,,,,,160186,,,660045,,,"787401,295423",,,,,690080,,,,,,,,,,,,,,
Pestal1,,,,,,,518828,,,,157681,,,383529,,,,,27068,556312,,,,,,,,,,,,581714,
Pseve2,,,,,"526459,505746",,464677,43889,,,396739,,,342321,,,,,448406,484727,,,,,,,,,,,,,
Plecto1,,,,,,,,,,,607333,,,184505,,,,,613870,690398,,,,,,,,,,,,,
XylFL0016,,,,,415624,,,228169,,,415950,,,16544,,,,,57819,16725,,,,,,,,,,,,,
XyFL0804_2,,,,,,,,665994,,,669778,,,606492,,,,,663799,667415,,,,,,,,,,,,,
XylFL2044,,,,,779396,,,244146,,,419212,,,169879,,,,,745256,170135,,,,,,,,,,,,,
XyFL0641_1,,,,,66283,,,792330,,,523086,,,754541,,,,,737046,576910,,,,,,,,,,,,,
Xyllon1,,,,,,,,363282,,,528883,,,117228,,,,,47003,117364,,,,,,,,,,,,"525760,584943",
XylFL1651,,,,,,,,463352,,,418230,,,251348,,,,,407091,471002,,,,,,,,,,,,480091,
Xy124048_1,,,,,,,,591952,,,521055,,,691278,,,,,469630,698483,,,,,,,,,,,,,
Xylint1,,,,,,,,492045,,,545976,,,253426,,,,,311936,253355,,,,,,,,,,,,,
XylFL0594,,,,,,,,468894,,,466103,,,197508,,,,,293338,423534,,,,,,,,,,,,,
Podjug1,,,,,,,,151872,,,578325,,,201501,,,,,255303,590373,,,,,,,,,,,,,
Anttom1,,,,,323649,,,389976,,,362033,,,369725,,,,,352404,,,,,,,,,,,,,,
Antleu1,,,,,434044,,,422171,,,208638,,,285990,,,,,318748,419744,,,,,,,,,,,,,
Antav1,,,,,444254,,,486833,,,513517,,,488433,,,,,363791,,,,,,,,,,,,,,
XyAK1471_1,,,,,308925,,,389550,,,166211,,,536285,,,,,507631,523286,,,,,,,,,,,,,
Roscor1,,,,,317636,,,315616,,,279498,,,151552,,,,,268209,151639,,,,,,,,,,,,,
Entma1,,,,,245052,,,410083,,,354859,,,379919,,,,,251763,355364,,,,,,,,,,,,,
Xylgra1,,,,,,,,68526,,,360310,,,260077,,,,,143156,378099,,,,,,,,,,,,,
Xyldig1,,,,,,,,297149,,,451035,,,501505,,,,,457773,513289,,,,,,,,,,,,473350,
Xylhyp1,,,,,,,,58691,,,611608,,,565755,,,,,465349,553926,,,,,,,,,,,,,
XyFL1777_1,,,,,,,,597342,,,713149,,,469736,,,,,576134,753811,,,,,,,,,,,,,
XylarbFL1030,,,,,354692,,,125063,,,204608,,,134010,,,,,300562,253146,,,,,,,,,,,,,
Xylbam139988_1,,,,,602743,,,652296,,,571130,,,229192,,,,,179413,610646,,,,,,,,,,,,,
KdCBS826_1,,,,,,,,55357,,,580931,,,220293,,,,,224227,220356,,,,,,,,,,,,,
Kredeu1,,,,,,,,187865,,,484382,,,495155,,,,,277226,194064,,,,,,,,,,,,,
Xylven1,,,,,388030,,,309301,,,378954,,,396731,,,,,172969,217257,,,,,,,,,,,,,
Xylarb124340_1,,,,,459301,,,287803,,,147685,,,458863,,,,,429071,458861,,,,,,,,,,,,62440,
XylFL1042,,,,,212704,,,320655,,,316950,,,337745,,,,,284926,357116,,,,,,,,,,,,,
XyFL0064_1,,,,,501016,,,296080,,,549650,,,640057,,,,,684964,688075,,,,,,,,,,,,,
XylFL0933,,,,,382544,,,140335,,,408601,,,332807,,,,,88892,332210,,,,,,,,,,,,,
XylFL0043,,,,,329844,,,35093,,,317963,,,199723,,,,,303622,311092,,,,,,,,,,,,,
Hyparg1,,,,,,,,431897,,,491308,,,279589,,,,,492594,486819,,,,,,,,,,,,,
Nemdif1,,,,,,,,183989,,,472643,,,139107,,,,,462260,445958,,,,,,,,,,,,,
NsCB679_1,,,,,662627,,,295334,,,648645,,,401770,,,,,323285,601270,,,,,,,,,,,,635893,
NsAZ0576_1,,,,,,,,341363,,,345424,,,114089,,,,,137488,114132,,,,,,,,,,,,324130,
Nemani1,,,,,,,,74754,,,457817,,,47714,,,,,4216,47774,,,,,,,,,,,,"407067,418880",
NsAK0226_1,,,,,,,,445261,,,449373,,,52347,,,,,251313,446369,,,,,,,,,,,,,
Bisma1,,,,,72641,,,172541,,,416100,,,224595,,,,,420278,409637,,,,,,,,,,,,,
Bisnum1,,,,,473114,,,214167,,,577214,,,634798,,,,,461603,634801,,,,,,,,,,,,,
CtCBS203_1,,,,,713391,,,130776,,,714432,,,710868,,,,,482038,224797,,,,,,,,,,,,,
Bisme1,,,,,579891,,,620768,,,679805,,,371718,,,,,633651,372500,,,,,,,,,,,,,
Biscog1,,,,,574868,,,591318,,,597248,,,257952,,,,,273640,257735,,,,,,,,,,,,,
Bismed1,,,,,663130,,,502409,,,623437,,,19844,,,,,453417,20312,,,,,,,,,,,,,
Whamic1,,,,576419,,,,592563,,,308467,,,579235,,,,,597146,535857,,,,,,,,,,,,,
XylFL0662B,,,,618298,,,,308198,,,631414,,,617135,,,,,586646,617132,,,,,,,,,,,,,
HyFL1284_2,,,,,,,,430097,,,580724,,,123095,,,,,363815,559822,,,,,,,,,,,,,
Hypfus1,,,,,,,,59526,,,251219,,,330653,,,,,487835,330817,,,,,,,,,,,,,
Hypcer1,,,,,,,,228688,,,457426,,,404528,,,,,168866,282466,,,,,,,,,,,,,
HypCI4A_1,,,,,,,,77092,,,263842,,,7268,,,,,122267,70993,,,27707,,,,,,,,,,
Hyprub1,,,,,,,,249890,,,258208,,,428094,,,,,422470,459726,,,,,,,,,,,,,
HyFL1150_1,,,,,,,,255415,,,336755,,,364061,,,,,167021,531451,,,,,,,,,,,,,
HyprubER1909_1,,,,,,,,127817,,,117839,,,254209,,,,,168969,157009,,,,,,,,,,,,,
HyFL0890_1,,,,,304162,,,265416,,,260522,,,131909,,,,,181365,258135,,,,,,,,,,,,,
HyNC0597_1,,,,,,,,657407,,,7783,,,97135,,,,,660112,97645,,,644160,,,,,,,,,,
HypEC38_3,,,,,,,,407315,,,417088,,,428032,,,,,392885,361618,,,334180,,,,,,,,,,
HypCO275_1,,,,,,,,66816,,,389080,,,77834,,,,,399786,390350,,,27456,,,,,,,,,,
Annbov1,,,,,,,,166718,,,31252,,,154521,,,,,379556,429904,,,389445,,,,,,,,,,
Annmin1,,,,,,,,265975,,,106156,,,324636,,,,,296444,337976,,,,,,,,,,,,,
Annmor1,,,,,,,,71560,,,206876,,,6994,,,,,464712,7271,,,,,,,,,,,,,
Annmae1,,,,,,,,187610,,,185052,,,191995,,,,,149062,171923,,,,,,,,,,,,,
Anntru1,,,,,,,,385963,,,94958,,,435140,,,,,452032,452888,,,417537,,,,,,,,,,
AnFL0455,,,,,,,,345461,,,484791,,,314752,,,,,488755,314566,,,470174,,,,,,,,,,
Roster1,,,,,,,,428419,,,499955,,,494819,,,,,471781,494821,,,474770,,,,,,,,,,
Annsty1,,,,,,,,126236,,,391319,,,239260,,,,,407697,429540,,,386417,,,,,,,,,,
Annnit1,,,,,,,,118467,,,252881,,,432331,,,,,487724,432549,,,472551,,,,,,,,,,
Hypfra2,,,,,,,,430036,,,513947,,,523556,,,,,470124,515036,,,,,,,,,,,,,
Hypsub2,,,,,,,,320000,,,233400,,,379273,,,,,456414,379521,,,,,,,,,,,,,
Hypmon1,,,,,,,,194136,,,274176,,,78223,,,,,244911,78314,,,,,,,,,,,,,
Hypcro1,,,,,,,,449343,,,111858,,,448981,,,,,25168,456307,,,,,,,,,,,,,
Hyppol1,,,,,,,,501385,,,158529,,,426669,,,,,507649,426848,,,518595,,,,,,,,,,
HyNC1633_2,,,,,,,,299969,,,228920,,,540537,,,,,266848,654610,,,,,,,,,,,,,
HyFL1857_1,,,,,,,,183301,,,156471,,,129915,,,,,158266,177836,,,85809,,,,,,,,,,
HyFL0543_1,,,,,,,,414148,,,66220,,,232770,,,,,401802,232554,,,387585,,,,,,,,,,
DalEC12_1,,,,,,,,114856,,,313382,,,122334,,,,,321776,12348,,,7251,,,,,,,,,,
Dales1,,,,,,,,399602,,,313584,,,57276,,,,,219810,56981,,,364288,,,,,,,,,,
Dalba1,,,,,,,,306690,,,566645,,,570351,,,,,560343,236552,,,504049,,,,,,,,,,
Hyptru1,,,,,,,,106876,,,438041,,,427810,,,,,420580,398408,,,,,,,,,,,,,
Dalcal1,,,,,,,,2294,,,429653,,,459157,,,,,315528,459155,,,,,,,,,,,,,
Dalgra1,,,,,,,,105937,,,358002,,,453407,,,,,436892,433563,,,460056,,,,,,,,,,
Dallocu1,,,,,,,,202047,,,383660,,,388714,,,,,433004,388711,,,416548,,,,,,,,,,
DaFL1419_1,,,,,,,,273253,,,335123,,,75796,,,,,348560,338790,,,,,,,,,,,,,
Dalver1,,,,,,,,252032,,,130129,,,71778,,,,,250306,269658,,,270900,,,,,,,,,,
Daldec1,,,,,,,,39912,,,386371,,,9877,,,,,324052,10010,,,186961,,,,,,,,,,
Dalloc1,,,,,,,,29124,,,362944,,,328309,,,,,174685,278917,,,,,,,,,,,,,
DallocAZ0526_2,,,,,,,,496996,,,442345,,,449162,,,,,465087,339004,,,496522,,,,,,,,,,
Trepe1,,,,,492580,,,,158800,,,,542732,,162696,,,,163091,,,,423872,,,,,,,,,,
Pyrly1,,,,,576378,,,,323300,,,,473701,,405117,,,,519189,,,,511222,,,,,,,,,,
Pyrinf1,,,,,175158,,,,108506,,,,130394,,30168,,,,30289,,,,83342,,,,,,,,,,
Pyrsp1,,,,,316911,,,,234988,,,,579304,,197150,,,,197658,,,,592225,,,,,,,,,,
PlePMI138_1,,,,,,,,,348069,,,,295718,,347721,,,,63892,,,,343433,,,,,,,,,,
Ophdi1,,,,,378617,,,,371141,,,,373497,,466434,,,,455298,,,,95301,,,,,,,,,,
Lepmu1,,,11228,,,,,,,,,,8141,,3382,,,,3393,,,,2841,,,,,,,,,,
Photr1,,,497177,,,,,,150322,,,,425054,,70802,,,,449133,,,,434319,,,,,,,,,,
Cucbe1,,,,,336823,,,,,,,,296200,,290748,,,,291219,,,,88359,,,,,,,,,,
Setho1,,,,,103703,,,,,,,,66728,,62205,,,,62103,,,,68078,,,,,,,,,,
Epini1,,,,,318777,,,,472313,,,,165512,,,,,,469069,,,,398796,,,,,,,,,,
Ampqui1,,,,,533559,,,,,,,,585505,,525429,,,,464641,,,,446489,,,,,,,,,,
Didex1,,,,,345557,,,,,,,,417419,,61944,,,,420134,,,,65046,,,,,,,,,,
Lizem1,,92815,,,,,,,156227,,,,157339,,174959,,,,106942,,,,178337,,,,,,,,,,
Ascra1,,,,,,,,,9865,,,,665,,4490,,,,4492,,,,6415,,,,,,,,,,
Macan1,,,,,440838,,,,176475,,,,407422,,,,,,408648,,,,33668,,,,,,,,,,
Phomu1,,,,,465816,,,,166589,,,,479608,,499661,,,,492148,,,,473884,,,,,,,,,,
Didma1,,,,,18249,,,,14070,,,,13497,,14894,,,,14892,,,,20959,,,,,,,,,,
Dotsy1,,,,,,,,,361558,,,,279889,,289459,,,,356504,,,,359153,,,,364850,,,,,,
Parch1,,,,,139924,,,,93012,,,,173148,,401143,,,,402150,,,,112204,,,,,,,,,,
Parchr1,,,,,"458930,515204",,,,261453,,,,479066,,25199,,,,460131,,,,434980,,,,,,,,,,
Fenfe1,,,,,,,,,267724,,,,453446,,220450,,,,477715,,,,373140,,,,,,,,,,
Corca1,,,,,"649290,508554,483262",,599726,,42501,,,,534248,,502692,,,,638225,,,,600957,,,,,,,,,,
Stasp1,,,,321074,343545,,,,296851,,,,294712,,276139,,,,326557,,,,320164,,,,,,,,,,
Phapo1,,,,,678634,,,,669890,,,,723466,,120457,,,,120341,,,,289397,,,,,,,,,,
Pyrtt1,,,,,,,,,3331,,,,10074,,3165,,,,5661,,,,8521,,,,,,,,,,
PhaPMI808,,,,,"768722,786174",,,,,,,,679377,,682962,,,,682968,,,,"695640,828784",,,,,,,,,720413,
Settu3,,,,,,,,,1319284,,,,1304517,,1433051,,,,1376354,,,,1375928,,,,1436265,,,,,,
Settur3,,,,,,,,,434823,,,,529406,,440951,,,,440963,,,,418571,,,,493710,,,,,,
Coclu2,,,,,,,,,48609,,,,"138340,126791",,44919,,,,29439,,,,26160,,,,,,,,,,
Cocsa1,,53777,,,,,,,36837,,,,181734,,157080,,,,275042,,,,40154,,,,,,,,,,
Cocca1,,,,,,,,,108699,,,,86074,,21401,,,,21397,,,,37913,,,,,,,,,,
Cocvi1,,,,,,,,,89559,,,,96025,,86149,,,,11825,,,,17506,,,,,,,,,,
ChetHAW225_1,,,,,,,,,453439,,,,265323,,404332,,,,296154,,,,349398,,,,,,,,,,
ChetPR9b_2,,,,,,,,,221891,,,,223944,,416512,,,,288092,,,,321247,,,,,,,,,,
CocheC4_1,,,,,,,,,23197,,,,207309,,82412,,,,24826,,,,30211,,,,,,,,,,
ChetHm338_1,,,,,,,,,264334,,,,279723,,21445,,,,387117,,,,358545,,,,,,,,,,
ChetPR1x412_2,,,,,,,,,213417,,,,432320,,382083,,,,287348,,,,337394,,,,,,,,,,
CocheC4_3,,,,,,,,,23197,,,,207309,,82412,,,,24826,,,,30211,,,,,,,,,,
Decga1,,,,,,,,,206374,,,,516710,,593453,,,,575218,,,,55925,,,,,,,,,,
Clael1,,,,,427971,,,,460095,,,,351266,,430786,,,,235364,,,,12461,,,,,,,,,,
Altro1,,,,,,,,,9645,,,,8114,,313661,,,,158379,,,,374757,,,,,,,,,,
Altsp017_1,,,,,,,,,28867,,,,556473,,283653,,,,283539,,,,416170,,,,,,,,,,
Altsp012_1,,,,,,,,,15878,,,,517788,,143641,,,,143792,,,,51647,,,,,,,,,,
Altbr1,,,,,,,,,9785,,,,9857,,,,,,2275,,,,306,,,,,,,,,,
Albra1,,,,,,,,,98853,,,,98924,,,,,,95469,,,,96608,,,,,,,,,,
Alttom1,,,,,,,,,124552,,,,118300,,124675,,,,124672,,,,116770,,,,,,,,,,
Altma1,,,,,,,,,109686,,,,119215,,109960,,,,109963,,,,117683,,,,,,,,,,
Altcr1,,,,,,,,,110050,,,,111999,,113312,,,,"105807,113309",,,,106323,,,,,,,,,,
Altca1,,,,,,,,,110021,,,,105701,,106896,,,,105836,,,,110248,,,,,,,,,,
Altda1,,,,,,,,,111614,,,,108351,,,,,,116836,,,,119368,,,,,,,,,,
Stely1,,,,,,,,,1855,,,,4842,,194,,,,"7566,196",,,,4272,,,,,,,,,,
Altcar1,,,,,,,,,109713,,,,119975,,119351,,,,119353,,,,119696,,,,,,,,,,
Altso1,,,,,,,,,121729,,,,121832,,115231,,,,115171,,,,,,,,,,,,,,
Altci1,,,,,,122505,,,122320,,,,124473,,122799,,,,"115776,126002",,,,120699,,,,,,,,,,
Altta1,,,,,,,,,122462,,,,"122586,118663",,117407,,,,"121210,117273",,,,117279,,,,,,,,,,
Altlo1,,,,,,,,,256363,,,,262475,,255550,,,,255548,,,,263022,,,,,,,,,,
Amal3063,,,,,,,,,119556,,,,120669,,122664,,,,"118755,126539",,,,118086,,,,,,,,,,
Altar1,,,,,,,,,,,,,115787,,113298,,,,111046,,,,113831,,,,,,,,,,
Altga1,,,,,,267963,,,274154,,,,265626,,273549,,,,"275123,272741,271162,271005",,,,,,,,,,,,,,
Altli1,,,,,,,,,251277,,,,254188,,254175,,,,"248096,251090",,,,255080,,,,,,,,,,
Alalt1,,,,,,,,,114327,,,,"119805,118596",,120340,,,,120338,,,,117704,,,,,,,,,,
Amal3064,,,,,,117862,,,120106,,,,125150,,115647,,,,"115271,119293",,,,124116,,,,,,,,,,
Altte1,,,,,,,,,112289,,,,"112190,114365",,116943,,,,116946,,,,113679,,,,,,,,,,
Aalte1,,,,,113075,,,,119922,,,,119825,,114179,,,,114182,,,,119111,,,,,,,,,,
Alalte1,,,,,,,,,105009,,,,115293,,111952,,,,111954,,,,112254,,,,,,,,,,
Altal1,,,,,,,,,179413,,,,"1021945,1036485",,1057721,,,,528893,,,,242431,,,,,,,,,,
Altalt1,,,,,,,,,342478,,,,"390742,502983",,,,,,393167,,,,453517,,,,,,,,,,
Altfr1,,,,,,,,,239554,,,,"243089,240938",,242010,,,,245038,,,,241239,,,,,,,,,,
Aqupat1,,,,,520492,,,,240593,,,,614024,,620505,,,,620474,,,,635857,,,,,,,,,,
Lenfl1,,424895,,,474278,,,,422057,,,,424625,,300112,,,,416799,,,,290752,,,,,,,,,,
Daral1,,,,,,,,,130443,,,,1042425,,901240,,,,901252,,,,515192,,,,,,,,,,
Parsp1,,1139083,,,1210711,,,,,,,,1206885,,1130394,,,,1103668,,,,1213453,,,,1189716,,,,,,
Karrh1,,447278,,,,,,,372427,,,,431236,,30874,,,,30935,,,,17313,,,,487184,,,,,,
Didsa1,,461418,,,,,,,369464,,,,246922,,489393,,,,461289,,,,367636,,,,129033,,,,,,
Bimnz1,,,,,584871,,,,219057,,,,586193,,533237,,,,464464,,,,335842,,,,501991,,,,,,
Amnli1,,,,,486336,,,,248088,,,,554168,,187063,,,,433884,,,,616042,,,,,,,,,,
Bysci1,,,,,,,,,95315,,,,460578,,445515,,,,66510,,,,481566,,,,,,,,,,
Microd1,,,,,,,,,,,,,163904,,143159,,,,143087,,,,650701,,,,,,,,,,
Flaful1,,,,616058,,,,,675923,,,,736695,,16723,,,,"600316,709561",,,,581189,,,,,,,,,,
Perma1,,,,521543,,588361,,,718169,,,,732349,,"714413,700752",,,,512459,,,,"660441,525654",,,,,,,,,,
Masph1,,,,,,,,,,,,,479491,,609166,,,,499557,,,,531198,,,,,,,,,,
Linin1,,,,331795,295302,,,,258741,,,,276048,,225715,,,,225963,,,,262686,,,,,,,,,,
Pleav1,,,,,77561,,,,,,,,74707,,68992,,,,49678,,,,61488,,,,,,,,,,
Veren1,,,95840,,584689,,,,549486,,,,538342,,161890,,,,161767,,,,242879,,,,,,,,,,
Zoprh1,,735665,,,728797,742074,,,549648,,,,699421,,603335,,,,720756,,,,587840,,,,,,,,659997,,
Lopnu1,,,,,650735,,,,24251,,,,555823,,482321,,,,133242,,,,561641,,,,,,,,,568518,
Polfu1,,,483935,,451268,,,,513873,,,,543462,,561147,,,,80728,,,,234124,,,,,,,,,,
Lopma1,,,,,775134,,,,772166,,,,689143,,586937,,,,420743,,,,600523,,,,,,,,,,
Jahaq1,,,,,540559,,,,535966,,,,400634,,66231,,,,506653,,,,258288,,,,,,,,,,
Acrvag1,,,,,797579,,,,670779,,,,1032495,,820437,,,,852675,,,,444105,,,,,,,,,,
Delco1,,,411263,,366426,,,,68195,,,,431437,,469362,,,,204720,,,,497230,,,,,,,,,,
Currey1,,,,,290605,,,,294463,,,,362366,,50471,,,,50265,,,,155677,,,,,,,,,,
DelFL0756_1,,,,,462129,,,,87019,,,,476151,,88187,,,,511401,,,,396829,,,,,,,,,,
Rhyru1_1,,,,,112471,,,,110369,,,,119066,,119434,,,,114108,,,,111739,,,,,117612,,,,,
Hyspu1_1,,,114717,121384,114324,,,,112713,,,,123249,,116524,,,,116526,,,,116670,,,,,,,,,,
Glonio1,,,,181369,632345,,,,606829,,,,733906,,604440,,,,604044,,,,13959,,,,36073,,,,,,
Cenge3,,,,,,,,,658160,,,,648929,,653071,,,,653063,,,,679288,,,,,,,,,,
Leppa1,,430789,,,,,,,305265,,,,386449,,409898,,,,430011,,,,295732,,,,,,,,,,
Lophiu1,,,99871,,,,,,153801,,,,525022,,608260,,,,544311,,,,501907,,,,,,,,,,
Mytre1,,,511609,,440209,,,,462163,,,,420858,,436278,,,,380525,,,,373467,,,,,,,,,,
Lopmy1,,,,,,,,,584880,,,,394138,,238190,,,,238317,,,,554300,,,,,,,,,,
Cryan3,,,,,,,,,27039,,,,"858952,833091",,585847,,,,,,,,836228,,,586390,,,,,,,
Delst1,,,,,,,,,412978,,,,2441,,397210,,,,,,,,359819,,,292986,,,,,,,
Aurpu_var_mel1,,,,,,61302,,,45650,,,,80561,,80141,,,,,,,,37645,,,71312,,,,,,,
Aurpu_var_nam1,,,,,,,,,41375,,,,49932,,59298,,,,,,,,36372,,,77185,,,,,,,
Aurpu_var_sub1,,,,,,,,,4343,,,,1020,,99381,,,,,,,,107809,,,327050,,,,,,,
Aurpu_var_pul1,,,,,,,,,281301,,,,409345,,46967,,,,,,,,302294,,,277099,,,,,,,
AurpulNBB1,,,,,,50327,,,46785,,,,56995,,58443,,,,,,,,68047,,,77737,,,,,,,
Conap1,,,,,,96416,,,,,,,98804,,95386,,,,95388,,,,94307,,,,95573,,,,,,
Psehy1,,,513207,,,,,,,,,,475030,,486224,,,,531879,,,,327944,,,,,,,,,,
Erebi1,,,,,396454,,,,,,,,470181,,473700,,,,466427,,,,505484,,,,,,,,,,
Meltu1,,,,,,,"655014,634352,538180",,,,,,185141,,646162,,,,551468,,,,534564,,,,,,,,,,
Patat1,,,,,,,,,,,,,1026528,,934833,,,,1016612,,,,1017380,,,,,,,,,,
Sacpr1,,,,,,,,,,,,,50876,,66780,,,,57877,,,,73713,,,,,,,,,,
Pse1611_1,,,,,,657223,"414288,406970,673005",,,,,,664581,,416157,,,,415952,,,,278700,,,,,,,,754817,,
Neopa1,,,,,,,"9265,6001",,,,,,6683,,7093,,,,7091,,,,7230,,,,,,,,,,
Botdo1_1,,,,,,,"291284,287411",,,,,,299538,,289507,,,,295182,,,,296647,,,,,,,,,,
Dipse1,,,,,,,1919,,,,,,120,,403,,,,405,,,,2227,,,,,,,,,,
Macph1,,,,,,,1931,,,,,,4848,,11999,,,,12002,,,,2258,,,,,,,,,11253,
Macpha1,,,,,,109203,"699733,591909,753921",,,,,,693177,,581684,,,,266916,,,,217875,,,,,,,,,714729,
Aplpr1,,,,,,,,,,,,,282385,,142631,,,,245375,,,,273478,,,,,,,,,,
Alikh1,,,,,,,,,641874,,,,733899,,659055,,,,659079,,,,677906,,,,,,,,,,
Aulhe2,,,,,,,,,388042,,,,395717,,34101,,,,374257,,,,331683,,,,,,,,,,
Linrh1,,,,,,,,,65311,,,,344202,,190550,,,,190286,,,,368310,,,,,,,,,,
Rhili1,,,,69387,64172,,,,35391,,,,73445,,67230,,,,,,,,71713,,,42838,33751,,,,,,
DotP12C66,,,,,,,,,447369,,,,547859,,264405,,,,515304,,,,436603,,,,,,,,,,
VenspP74_1,,,,370478,,,,,136472,,,,806739,,"803797,834318",,,,201150,,,,690731,,,,820919,,,,,,
Veneff1,,,,,,,,,2798,,,,5741,,8541,,,,8538,,,,3817,,,,,,,,,,
Venpi1,,,,,,,"209114,209115",,214732,,,,212948,,209120,,,,209117,,,,207841,,,,,,,,,,
Venin1,,,,,,,,,15763,,,,21218,,16693,,,,18631,,,,,,,,,,,,,,
Totfu1,,,,,,,,,587662,,,,655951,,590598,,,,275527,,,,653055,,,,,,,,,,
Verga1,,,,,,,,,119806,,,,"124906,124905",,120061,,,,120063,,,,116312,,,,,,,,,,
Tribi1,,,,,,,,,540046,,,,474062,,39549,,,,530718,,,,481417,,,,,,,,,,
Micmi1,,,,371369,,,,,428274,,,,434680,,"458156,370467",,,,458161,,,,424342,,,,,,,,323547,,
Stobe1,,,,,,,,,58671,,,,32911,,72358,,,,72362,,,,39026,,,,,,,,,,
Pcapi1,,,,,,,,,,,,,513900,,408544,,,,431133,,,,488726,,,,,,,,,,
Phycapi2,,,,,,,,,,,,,439902,,137663,,,,137352,,,,436790,,,,,,,,,,
Phycap1,,,,,,,,,,,,,356589,,72422,,,,262337,,,,297366,,,,,,,,,,
Phcapit2,,,,,,,,,,,,,377131,,500224,,,,433066,,,,510194,,,,,,,,,,
Phcap1,,,,,,,,,,,,,298776,,478297,,,,6582,,,,377114,,,,,,,,,,
Phcapi1,,,,,,,,,,,,,21973,,315720,,,,261533,,,,203337,,,,,,,,,,
Phcit1,,,,,,,,,,,,,85621,,9895,,,,9814,,,,158739,,,,,,,,,,
Pcit17464,,,,,,,,,,,,,71509,,641175,,,,641137,,,,598084,,,,,,,,,,
Pcit129764,,,,,,,,,,,,,486992,,380011,,,,464026,,,,386934,,,,,,,,,,
Phcitr1,,,,,,,,,,,,,289760,,312797,,,,312793,,,,309778,,,,,,,,,,
Pcitri2,,,,,,,,,,,,,41236,,97361,,,,341517,,,,89344,,,,,,,,,,
Pcitr2,,,,,,,,,,,,,382696,,442930,,,,140183,,,,435906,,,,,,,,,,
Phycit1,,,,,,,,,,,,,178012,,75863,,,,75628,,,,24305,,,,,,,,,,
Pcit16586,,,,,,,,,,,,,495921,,512255,,,,352721,,,,380794,,,,,,,,,,
Phycitr1,,,,,,,,,,,,,559029,,620400,,,,683816,,,,565010,,,,,,,,,,
Phypa1,,,,,,,,,,,,,233034,,594515,,,,283944,,,,429418,,,,,,,,,,
Phycpc1,,,,,,,,,,,,,418497,,421002,,,,488457,,,,450790,,,,,,,,,,
Pcit120373,,,,,,,,,,,,,202039,,280030,,,,181556,,,,336096,,,,,,,,,,
Pcit122670,,,,,,,,,,,,,638285,,369115,,,,369856,,,,401854,,,,,,,,,,
Pcit131864,,,,,,,,,,,,,889785,,797452,,,,573720,,,,94083,,,,,,,,,,
Phy27169,,,,,,,,,,,,,405927,,307611,,,,324570,,,,374599,,,,,,,,,,
Pcit122482,,,,,,,,,,,,,128307,,310595,,,,199350,,,,51385,,,,,,,,,,
Pcit141352,,,,,,,,,,,,,651290,,373124,,,,635376,,,,606252,,,,,,,,,,
Pcit11120,,,,,,,,,,,,,87959,,377587,,,,377233,,,,650281,,,,,,,,,,
Endpal1,,,,,,,,,,,,,4614,,,,,,7404,,4058,,,,,,,,,,,,
EndpusZ1,,,,,,,,,,,,,3496,,,,,,8792,,6981,,,,,,,,,,,,
ClaNC0930_1,,,,110280,366943,,,17962,,,,,341570,,,,,,171952,,296452,,,,,,,,,,,,
Bombom1,,,,,,,,584104,,,,,545321,497121,,,,,621394,,,,,,,,,,,,,,
Podap1,,,,,,,,112686,,,,,499806,409111,,,,,513028,,,,171907,,,,,,,,,,
Cersc1,,,,,,,,455389,,,,,478726,357847,,,,,434515,,,,405340,,,,,,,,,,
Apope1,,,,311731,513506,,,90908,,,,,374371,113692,,,,,574228,,,,380630,,,,,,,,,,
Phiatt1,,,,,7973,,,,,,,,8527,,,,,,1183,,8756,,,,,,,,,11079,,,
Exome1,,,,,"113427,104644","109370,109371",,,106049,,,,111074,,,,,,105164,,112288,,,,,,,,,,,,
Exoaq1,,,,,"10504,4390,13056",470,,,7535,,,,10,,,,,,448,,8402,,,,,,,,,,,,
Cocba1,,,,,621213,,,,640987,,,,580176,,,,,,310262,,690723,,,,,,,,,,,,
Capfu1,,,,,"201013,67876",,,,,,,,192405,,,,,,176382,,211458,,,,,,,,,,,,
Exoalc1,,,,,"527756,435751",567335,,,,,,,431304,,,,,,490254,,"518420,493549",,,,,,530565,,,,,,
Exoalc1_J33,,,,,"519586,513640",482093,,,,,,,549592,,,,,,478528,,"595269,577386",,,,,,548202,,,,,,
Capse1,,,,,"358670,359842",,,,357605,,,,361825,,,,,,368329,,359080,,,,,,,,,,,,
Claye1,,,,,"734,2188",,,,1618,,,,5014,,,,,,9481,,392,,,,,,,,,,,,
Claca1,,,,,"112206,110644",,,,113126,,,,105600,,,,,,113971,,111853,,,,,,110191,,,,,,
Claps1,,,,,"134287,139732",,,,142403,,,,135013,,,,,,147282,,145250,,,,,,,,,,,,
Claba1,,,,,"132420,133892",,,,137987,,,,139955,,,,,,138351,,136616,,,,,,,,,,,,
Fonmu1,,,,,"8907,7399",,,,6511,,,,11877,,,,,,2135,,7900,,,,,,3373,,,,,,
Claim1,,,,,"142315,144766,143598",,,,151134,,,,146113,,,,,,150606,,151905,,,,,,,,,,,,
Fonmo1,,,,,"1297,6137",,,,9778,,,,4578,,,,,,1418,,4077,,,,,,1810,,,,,,
Fonpe1,,,,,"8083,442",,,,2157,,,,6281,,,,,,9843,,8608,,,,,,12262,,,,,,
Fonnu1,,,,,"3933,9830",,,,6536,,,,10672,,,,,,8708,,8855,,,,,,"9050,9050",,,,,,
Exoxe1,,,,,"144573,139732","140282,140283",,,142214,,,,139008,,,,,,135734,,144380,,,,,,,,,,,,
Exosp1,,,,,"5721,7632,3508",,,,,,,,8458,,,,,,7662,,6128,,,,,,,,,6812,,,
ExoJF061F_1,,,,,"561350,219465,618073",568881,,,485525,,,,335548,,,,,,219199,,187313,,,,,,,,,,,,
Exool1,,,,,"138163,143038,140295",,,,141552,,,,142214,,,,,,"143018,143017",,"138247,138248",,,,,,,,,,,,
Cypeu1,,,,,"119386,112686","118920,111229",,,,,,,111530,,,,,,117191,,115614,,,,,,,,,,,,
HerpoJF2053F_1,,,,,,,,,228294,,,,505069,,,,,,513760,,,,516436,,,,,,,,,,
HerpoJF057F_1,,,,,,,,,799441,,,,724669,,,,,,762184,,,,741407,,,,,,,,,,
Exosi1,,,,,"119994,115130",,,,121300,,,,113497,,,,,,116723,,119584,,,,,,,,,,,,
EurotioJF034F_1,,,,,"326274,72468",,,,,,,,494160,,,,,,242806,,441819,,,,,,,,,,,,
EurotioJF033F_1,,,,,"603697,153763",,,,,,,,511449,,,,,,625384,,426974,,,,,,,,,,,,
Exode1,,,,,"2890,5845",,,,,,,,2366,,,,,,,,,,,,,,,,,,,,
Capcor1,,,,,"98749,93063",,,,,,,,95215,,,,,,100647,,93349,,,,,,,,,,,,
Capep1,,,,,"111206,107344,109343",,,,115074,,,,107060,,,,,,105821,,108621,,,,,,,,,,,108934,
Crypto1,,,,,,,502382,,539213,,,,479949,408290,,,,,466627,474318,,,,,,,,,,,,,
Lolmi1,,,,,,,229452,,,,,,336419,313322,,,,,303033,271562,,,,,,,,,,,,,
Diaam1,,,,2226,,,1319,,,,,,2301,6857,,,,,7493,,,,,,,,,,,,,,
Melsp1,,,,,197617,,176406,,,,,,199038,79703,,,,,75057,170196,,,,,,,,,,,,34687,
DiaPMI573_1,,,,,"414994,632266",,490612,,,,,,555439,445821,,,,,542416,,,,,,,,,,,,,"598923,673568",
Diavoc1,,,,,"457241,368513,461014",,429004,,,,,,400654,192724,,,,,327063,,,,,,,,,,,,,498442,
Lashir1,,,,,"582845,484129",,,139608,,,,,597986,197461,,,,,567700,,,,480942,,,,,,,,,,
Lashi1,,,,,"621558,77223,446933",,,563468,,,,,266609,124462,,,,,230939,,,,282767,,,,,,,,,,
Poddi1,,,,,,,,284764,,,,,442664,251284,,,,,474094,,,,433499,,,,,,,,,,
Lasmin1,,,,,737770,,,646423,,,,,858198,748848,,,,,359625,,,,648738,,,,,,,,,,
Lasov1,,,,,723316,,,669501,,,,,217320,702860,,,,,618885,,,,665865,,,,,,,,,,
Bombar1,,,,,220353,,,549666,,,,,194991,109381,,,,,505343,,,,547186,,,,,,,,,,
Podcur1,,,,,215573,,,325583,,,,,347043,416595,,,,,413257,,,,402700,,,,,,,,,,
Cercau1,,,,,201873,,,419290,,,,,570694,499535,,,,,531125,,,,500957,,,,,,,,,,
Cernew1,,,,,"324442,388178",,,384073,,,,,408173,462539,,,,,410461,,,,410520,,,,,,,,,,
Chathe1,,,,,,,,,,,,,7094,2411,,,,,6831,,,,6700,,,,,,,,,,
Thiar1,,,,,767766,,,786362,,,,,761629,800948,,,,,785641,,,,709335,,,,,,,,,,
Schves1,,,,,314945,,,312683,,,,,239732,353702,,,,,420511,,,,333181,,,,,,,,,,
Apibac1,,,,,,,,39820,,,,,375393,101626,,,,,300797,,,,300520,,,,,,,,,,
Podans1,,,,,,,,381316,,,,,333129,420949,,,,,331807,,,,383554,,,,,347046,,,,,
Sorbr1,,,,,,,,263398,,,,,150524,343890,,,,,398154,,,,464874,,,,,,,,,,
Sorhu1,,,,,,,,322345,,,,,159122,258554,,,,,345877,,,,172776,,,,,,,,,,
Gelte1,,,,,,,,504548,,,,,175172,98632,,,,,441340,,,,507590,,,,,,,,,,
Neudi1,,,,,,,,73524,,,,,140835,89117,,,,,100296,,,,100635,,,,,,,,,,
Neuhi1,,,,,,,,192667,,,,,324454,409223,,,,,433052,,,,347239,,,,,,,,,,
Neute_matA2,,,,,,,,115120,,,,,86683,35966,,,,,102704,,,,85223,,,,,,,,,,
Neute_mat_a1,,,,,,,,49326,,,,,159421,163629,,,,,72785,,,,94990,,,,,,,,,,
Neucr4830_1,,,,,,,,238478,,,,,84166,501711,,,,,471116,,,,278798,,,,,,,,,,
Neucr_trp3_1,,,,,,,,546,,,,,10695,7159,,,,,9963,,,,9811,,,,,,,,,,
Neucr2,,,,,,,,546,,,,,10695,7159,,,,,"9964,9963",,,,9811,,,,,,,,,,
Ncrass2,,,,,,,,1412030,,,,,1505940,1568711,,,,,1307163,,,,1452668,,,,,,,,,,
Spofi1,,,,,,,,,,,,,,,473481,,,,393337,,,,459366,,,,529761,,,,,,
Wesor1,,,,,,,,,,,,,,,456938,,,,373127,,,,215760,,,,,,,,,,
Aspave1,,,,"172424,142944",169526,,,,,130687,,,,,,,,140155,,,,,,,,,170002,,,,,,
Aspthe1,,,,320060,313797,174357,,,,312728,,,,,,,,312731,,,,302734,,302734,296364,,,,302735,,305337,,
Grascr1,,12327,2761,12946,5430,,,,,,,,,12945,,,,,,,,12942,,12942,,,,,,,12943,,
Usnflo1,881512,,"373105,954908",853641,,,,,,,,,,891540,,,,,,461978,,,881798,,,,,,,,,902434,
Aspala1,,,,,"163661,163645",162963,,,,,,,,,,,,,,,,,,,,,,,,,148157,163990,
Asphor1,,,,,"139650,164452",,,,,,,,,,,,,,,,,,,,,,,,,,120539,,
Penac1,,,,391467,,,,,,436793,,,,,477807,,,410564,,,,455687,,455687,,,,,281665,,473548,,
Penja1,,,,"413034,405691,415892",453344,,,,,491815,,,,,,,,367213,,,,435458,,435458,,,,,495340,,490586,,
Aspgal1,,,,482496,464366,,,,,450131,,,,,,,,476451,,,,466795,,466795,,,,,476452,,,,
Umbpus1,,105197,,"103541,105493,103709",,,,103635,,,,,,106039,,,,,,,,,106038,,,,,,,,106037,,
Aspibe1,,,,,"451570,397552,379440",,,,,430226,,,,,,,,47590,,,,,,,,,,,,,,,
Aspaste1,,,,,"141125,159923,84912",,,,,106645,,,,,,,,162416,,,,,,,,,,,,,,,
Aspwel1,,,,,"163122,161153,172715,182288",,,,,181355,,,,,,,,179125,,,,,,,,,,,,,,,
Aspcos1,,,,,"229734,151243,266014",,,,,265256,,,,,,,,162863,,,,,,,,,,,,,,,
Stael1,,,,,474491,,,,,,,,,508476,,,,,,474904,,,,,,,,,,,,,
Thite2,,,,,2120602,,,,,,,,,2106274,,,,,2145571,,,,2130018,,,,,,,,,,
Brefa1,,,,,736752,,,718150,,,,,,762003,,,,,,399704,,,,,,,,,,,,,
Grocl1,,,,,,,,1851,,,,,,3858,,,,,4842,3860,,,,,,,,,,,,,
OphPMI507_1,,,,,393712,,,317964,,,,,,"417644,449951,409315,409316",,,,,350468,459095,,,,,,,,,,,,,
Ophpic1,,,,,4669,,,7062,,,,,,806,,,,,2645,803,,,,,,,,,,,,,
Ophnu1,,,,,1983625,,,1981900,,,,,,1979964,,,,,1982290,1979966,,,,,,,,,,,,,
Ophpi1,,,,,,,,2999,,,,,,,,,,,2020,2831,,,,,,,,,,,,,
Mictr1,,,,,"577091,667077",,,601068,,,,,,594226,,,,,,541656,,,,,,,,,,,,,
LecAK0013_1,,,,,,,,388804,,,,,,423979,,,,,265929,329880,,,,,,,,,,,,,
ConPMI546,,,,,"985570,877091",,,895007,,,,,,963078,,,,,734048,921851,,,,,,,,,,,,,
ColoR110_1,,,,,120866,,,122501,,,,,,130232,,,,,134482,113919,,,,,,,,,,,,,
Conioc1,,,,"1135174,1039195","1288989,1243486",,,"198190,69667",,,,,,"1157576,1231692,1165520,1121525",,,,,"1165795,1171870","1152577,1121511",,,,,,,,,,,,,
Conli1,,,,,"10184,169",,,3566,,,,,,7687,,,,,9606,8880,,,,,,,,,,,,,
Conlig1,,,,,"656404,702565",,,668582,,,,,,719256,,,,,513139,686568,,,,,,,,,,,,,
Achstr1,,,,,,,,386888,,,,,,491685,,,,,485396,,,,217097,,,,,,,,,,
Thian1,,,,,,,,478789,,,,,,163596,,,,,444827,,,,443579,,,,,,,,,,
Chafu1,,,,,,,,443059,,,,,,121997,,,,,438869,,,,373737,,,,,,,,,,
Cha1176438,,,,,,,,59490,,,,,,29427,,,,,33806,,,,34057,,,,,,,,,,
Thiap1,,,,,,,,663073,,,,,,575535,,,,,579407,,,,673224,,,,,,,,,,
Thihy1,,,,,,,,505851,,,,,,420043,,,,,559064,,,,475900,,,,,,,,,,
Chafi1,,,,426637,,,,65946,,,,,,37570,,,,,388476,,,,203858,,,,,,,,,,
Chame1,,,,407824,,,,53690,,,,,,433824,,,,,356056,,,,375522,,,,,,,,,,
Chagl_1,,,,,,,,16465,,,,,,10366,,,,,12224,,,,19754,,,,,,,,,,
Chagl1,,,,,,,,594668,,,,,,19680,,,,,569619,,,,358125,,,,,,,,,,
Corsim1,,,,,,,,32575,,,,,,38099,,,,,42382,,,,44365,,,,,,,,,71197,
Spoth2,,,,75296,,,,2310905,,,,,,2300170,,,,,2064803,,,,2308261,,,,,,,,,,
Myche1,,,,716660,,,,767551,,,,,,673824,,,,,743047,,,,765378,,,,,,,,,,
Mychet1,,,,273080,,,,274609,,,,,,204932,,,,,269785,,,,313866,,,,,,,,,,
Magor1,,,,,7341,,5139,12125,,,,,,4648,,,,,339,4644,,,,,,,,,,,,,
Clabul1,,,,,,,,917307,,,,,,988375,,,,,855872,,,,856029,,,,,,,,,,
Cornip1,,,,,,,,421027,,,,,,456526,,,,,429054,,,,420051,,,,,,,,,,
Torra1,,,,,,,,105872,,,,,,503808,,,,,490649,412230,,,,,,,,,,,,,
Chain1,,,,,,,,8827,,,,,,6730,,,,,1519,,,,6640,,,,,,,,,,
ThoPMI491_1,,,,,813918,,,662243,,,,,,849208,,,,,101014,,,,691471,,,,,,,,,,
Phaal1,,,,,,,,6902,,,,,,360,,,,,1202,361,,,,,,,,,,363,,,
Calpu1,,,,,,,,2624,,,,,,8032,,,,,9403,,,,,,,,,,,,,,
PhaeoFL0889_1,,,,558566,91427,,,547834,,,,,,547208,,,,,294097,514560,,,,,,,,,,443926,,551497,
Plecuc1,,,,,81691,,,106466,,,,,,354791,,,,,671,227959,,,,,,,,,,,,,
Plecucu2,,,,,183051,,,239617,,,,,,154550,,,,,269464,273821,,,,,,,,,,,,,
Plecu1,,,,,397767,,,351729,,,,,,80363,,,,,90545,390564,,,,,,,,,,,,,
Corma2,,,,,712009,,,738518,,,,,,11896,,,,,620687,11115,,,,,,,,,,,,,
Veral1,,,,,,,,4677,,,,,,579,,,,,5549,574,,,,,,,,,,,,,
Verdah1,,,,,,,,335148,,,,,,9117,,,,,398634,7981,,,,,,,,,,,,,
Colorb1,,,,,"140722,143091",,134628,145291,,,,,,140924,,,,,135638,140927,,,,,,,,,,,,,
Colch1,,,,,6176,,1893,7083,,,,,,7220,,,,,"8371,8837",7218,,,,,,,,,,,,,
Colhig2,,,,,"7450,9736",,"5075,8094",11225,,,,,,10126,,,,,"10752,4572",10121,,,,,,,,,,,,,
Gloci1,,,,,"1905581,1851837",,"1931903,1726048",1749162,,,,,,1724748,,,,,1774210,53395,,,,,,,,,,,,,
Coltof1,,,,150697,153207,,"154585,152090",157106,,,,,,155081,,,,,"154999,150168",156635,,,,,,,,,,,,,
Colto1,,,,,11238,,"11335,11782",1124,,,,,,10102,,,,,"3493,2402",10104,,,,,,,,,,,,,
Colin1,,,,,7579,,558,10848,,,,,,4194,,,,,6124,4192,,,,,,,,,,,,,
Colfa1,,,,,575363,,"733255,735426",45609,,,,,,583787,,,,,653973,193206,,,,,,,,,,,,,
Colce1,,,,,782794,,"587272,779204",580089,,,,,,785258,,,,,684396,691769,,,,,,,,,,,,,
Colzo1,,,,,319114,,"681885,708259",186021,,,,,,81784,,,,,690005,643258,,,,,,,,,,,,,
Colso1,,,,,274513,,"612463,477179",134031,,,,,,483865,,,,,557310,636166,,,,,,,,,,,,,
Colca1,,,,,"669176,681662",,612713,586836,,,,,,364663,,,,,504081,475539,,,,,,,,,,,,,
Colna1,,,,,"595330,516779",,522724,521044,,,,,,514631,,,,,595391,685767,,,,,,,,,,,,,
Colgr1,,,,,"7587,7602,4513",,11911,1966,,,,,,1526,,,,,6353,1524,,,,,,,,,,,,,
Colsu1,,,,,586385,,"707476,723332",192375,,,,,,288227,,,,,636171,601328,,,,,,,,,,,,,
Coler1,,,,,532596,,"543893,523304",424756,,,,,,48124,,,,,255525,662793,,,,,,,,,,,,,
Color1,,,,,10697,,8130,12118,,,,,,2333,,,,,9703,2262,,,,,,,,,,,,,
Colgo1,,,,,"690105,694185",,772829,282434,,,,,,540286,,,,,683061,723049,,,,,,,,,,,,,
Colfi1,,,,285200,"277743,285692",,276906,280176,,,,,,281768,,,,,275842,280844,,,,,,,,,,,,,
Colph1,,,,,65173,,,458104,,,,,,389394,,,,,438883,339233,,,,,,,,,,,,,
Colsa1,,,,938368,"944189,947562",,944532,948524,,,,,,944466,,,,,943809,939225,,,,,,,,,,,,,
Colpa1,,,,,"16316,11531",,553,8576,,,,,,5636,,,,,7349,5641,,,,,,,,,,,,,
Colcu1,,,,,8955,,,14929,,,,,,17206,,,,,3842,3748,,,,,,,,,,,,,
Gloac1,,,,1407398,"1597204,1320036",,1605022,1331657,,,,,,1329438,,,,,1426045,1382724,,,,,,,,,,,,,
Colme1,,,,,"2776,128",,14905,6498,,,,,,580,,,,,6020,585,,,,,,,,,,,,,
Colab1,,,,,"17058,13133",,3084,11189,,,,,,1853,,,,,8868,1849,,,,,,,,,,,,,
Colny1,,,,,"1014650,1013542",,1021943,1015914,,,,,,1011664,,,,,,1018788,,,,,,,,,,,,,
Colsi1,,,,,"979141,976526",,974540,976200,,,,,,977093,,,,,973861,972676,,,,,,,,,,,,,
Collu1,,,,,"464941,448658",,590008,390934,,,,,,399384,,,,,620698,399433,,,,,,,,,,,,,
Collup1,,,,,"16570,12470",,18252,15938,,,,,,11975,,,,,5676,11965,,,,,,,,,,,,,
Colac2,,,,670729,"753493,795116",,742451,426983,,,,,,576752,,,,,573253,565547,,,,,,,,,,,,,
Colta1,,,,,"8507,13420",,14437,4694,,,,,,6170,,,,,15166,6165,,,,,,,,,,,,,
Colco1,,,,,"1913,12744",,4859,3747,,,,,,13145,,,,,4594,13140,,,,,,,,,,,,,
Colsp1,,,,,"5030,16982",,2444,3875,,,,,,11052,,,,,3489,11057,,,,,,,,,,,,,
Aciaci1,,,,,,,,1376811,,,,,,1358753,,,,,,1364264,,,,,,,,,,,,,
Marbr1,"260,7519,260,9887",,8868,,,,,6015,,,,,,"260,260",,4729,,,285,,,4727,,,,,,,,4728,,,
Phisc1,,"680065,320608",779524,,,,,696054,,,,,,773345,,670845,,,581099,,,698178,,,,,689141,,,,,,
Acema1,,"797233,706949","672525,704516",,,,,707747,,,,,,745268,,737792,,,790212,,,702078,,,,,675244,,,,,,
Lorju1,,"527155,513333,184200",533163,,,,,465001,,,,,,66204,,,,,540561,,,523236,,,,,,,,,,,
Lorma1,,"414481,442470,434211",156536,,,,,512829,,,,,,481702,,,,,561289,,,420960,,,,,,,,,,,
Melbi2,,,"719204,655575,594007",,,,,610368,,,,,,651435,,586688,,,290007,,,611138,,,,,,,,,,,
MelPMI1271_1,,291171,"504137,477460",,,,,409743,,,,,,410725,,438907,,,332966,,,403233,,,,,,,,,,,
Hyafin1,,784273,"618275,951654",,,,,543236,,,,,,766716,,903126,,,637333,,,903121,,,,,,,,,,,
Chalo1,,407918,"408869,399627",,,,,341104,,,,,,439967,,418873,,,561729,,,418870,,,,,,,,,,,
Melva1,504499,544862,573583,,,,,559327,,,,,,460046,,534121,,,512232,,,516982,,,,,,,,,,,
Rhier1,,684087,668531,,752300,,,673453,,,,,,194847,,698447,,,670995,,,668146,,,,,,,,,,,
Phimu1,,352258,721417,,,,,665847,,,,,,"632875,566241",,,,,333402,691307,,389768,,,,,,,,389790,,,
Cadsp1,,,651730,,,516439,,497711,,,,,,606172,,,,,545546,594668,,445556,,,,,,,,648036,,,
Rhesp1,271439,24221,,577542,,,,524423,,,,,,271436,,,,,429772,270844,,459158,,,,,,,,506411,,,
Lepor2,,,"637251,701533",,,,,162007,,,,,,485297,,,,,639080,75975,,488276,,,,,,,,677783,,,
Leptod1,,108525,"525179,492586",,,,,423695,,,,,,526612,,,,,453849,19397,,350316,,,,,,,,516759,,,
Clagr3,,,"2836,6421,3092",6950,,,,4944,,,,,,10391,,,,,,4947,,,10393,,,,"454,1817",,,4943,10394,,
XylPMI703_1,,56738,,88948,897469,,,713826,,,,,,"670201,679320",,,,,,"819477,822568",,,,,,,,,,796338,876189,,
Acastr1,118993,,"123893,119638,125576",,,,,127177,,,,,,,,,,,,,127181,,,,,,,,,,,,
Greab1,390227,464689,401498,510457,,,,462193,,,,,,,,529553,,,197555,,,178314,,,,,,,,395979,,,
Greabi1,481818,416963,399672,393427,,,,432944,,,,,,,,416697,,,201714,,,450534,,,,,,,,416696,,,
Loppic1,,129051,"559442,437709,518416",,,,,529246,,,,,,365468,,54270,,,163408,,,385227,,,,,,,,83254,,,
Spafl1,,9158,"1546,8232,2778",,,,,6116,,,,,,7361,,,,,3255,7363,,,,,,,,,,4657,,,
Cocst1,,620663,575458,,,,"569661,611639",649942,,,,,,676592,,588159,,,638446,320769,,672634,,,,,,,,655261,,,
Pseel1,6632,9928,"3235,10345",,,,,5899,,,,,,6211,,,,,10219,,,690,,,,,,,,1429,,,
Elyde1,,282737,"623773,406343,722067",,,,,502,,,,,,610553,,657171,,,680494,,,649696,,,,,,,,531097,,,
Lopnit1_1,,751389,469570,,,,"898409,874293",742562,,,,,,958266,,669073,,,293102,,,272236,,,,,746657,,,272093,,,
Rutfi1,,555445,"628314,628672,695742",,,,,650353,,,,,,684357,,584994,,,630618,,,636964,,,,,,,,636962,,,
Sclsc1,,,"12083,974,6830,7613",,,,,5881,,,,,,6692,,7899,,,4221,,,7892,,,,,,,,7891,,,
Botci1,,1394,"14685,137,3103",,,,,11565,,,,,,9476,,3415,,,3803,,,,,,,,,,,3406,,,
NeoP8C63_1,,669092,"633187,648711",,,,,664261,,,,,,,,655856,,,528256,,,693669,,,,,,,,647731,,,
DimP5P66,,172752,"554733,723136,367055",,,,,3743,,,,,,,,189150,,,682762,,,189098,,,,,,,,715240,,,
Zalva1,535498,109910,"231038,499673",,,,,596204,,,,,,560860,,701044,,,605346,356684,,66111,,,,,,,,592726,,,
Hymvar1,433468,531904,"522210,441038",,,,,373121,,,,,,525606,,505182,,,371940,525610,,469601,,,,,,,,469602,,,
Atrpi1,463973,463605,65180,,,,,642593,,,,,,258315,,644457,,,451414,500097,,601637,,,,,506713,,,447696,,,
Amore1,,37208,66039,,68456,139487,,136032,,,,,,93061,,,,,101494,157209,,,,,,,,,,38425,,,
Oidma1,,,"171090,45926",,"105886,36696",,,104576,,,,,,117704,,,,,123214,102294,,,,,39552,,37516,,,,116220,,
Bulin1,,763344,"819318,754447,800411",,,,,804161,,,,,,246384,808281,,,,775514,754961,,,,,,,,,,799412,,,
Bissp1,,516177,,"706372,665956",689777,,,689356,,,,,,,,,,,664054,,,,,,,,,,,665594,,,
Nieex1,,,,,,,,506543,,,,,,721964,,,,,782734,788895,,,836737,,,,,,,,,,
Melti1,,,,,,,,460143,,,,,,533464,,,,,493124,523417,,,,,,,,,,,,,
Porpun1,,,,,,,,545672,,,,,,234486,,,,,576926,590966,,,,,,,,,,,,,
NeFL0916_1,,,,,,,,587029,,,,,,498738,,,,,346369,498691,,,,,,,,,,,,,
Xylhel2,,,,,,,,270169,,,,,,503661,,,,,486031,442805,,,,,,,,,,,,,
Xyltel121673_1,,,,,562726,,,258638,,,,,,532498,,,,,558553,64654,,,,,,,,,,,,,
Xylber1,,,,,,,619580,619906,,,,,,619411,,,,,627908,609239,,,,,,,,,,,,,
Xylcas124033_1,,,,,,,353728,337293,,,,,,174786,,,,,207142,174931,,,,,,,,,,,,,
Xylacu1,,,,,483423,,,44656,,,,,,521933,,,,,463360,118945,,,,,,,,,,,,,
Xylcub1,,,,,465431,,,339779,,,,,,348869,,,,,337701,485422,,,,,,,,,,,,458226,
Xylcube1,,,,,506984,,483327,287122,,,,,,164511,,,,,48313,164617,,,,,,,,,,,,524262,
Xylscr1,,,,,,,223953,318252,,,,,,152054,,,,,216641,152175,,,,,,,,,,,,,
Xylcur114988_1,,,,,,,94236,124313,,,,,,561999,,,,,174376,484598,,,,,,,,,,,,,
Xylpal124036_1,,,,,,,,417933,,,,,,605481,,,,,148039,595071,,,,,,,,,,,,,
NeFL0031_2,,,,,,,,547375,,,,,,564374,,,,,551826,372877,,,,,,,,,,,,,
Nemabo1,,,,,,,,71460,,,,,,287767,,,,,126576,87123,,,,,,,,,,,,,
XyFL0821_1,,,,,,,,651323,,,,,,380169,,,,,197862,,,,,,,,,,,,,,
XylFL0255,,,,,389428,,,373129,,,,,,372433,,,,,2206,399589,,,,,,,,,,,,419074,
XyFL1272_2,,,,,,,,155253,,,,,,503433,,,,,103188,162487,,,,,,,,,,,,517268,
XylFL1019,,,,,,,,320030,,,,,,16898,,,,,421122,368883,,,,,,,,,,,,424174,
Xylni1,,,,,,,,493018,,,,,,392609,,,,,490093,504597,,,,,,,,,,,,,
Xylcur1,,,,,,,,183819,,,,,,306014,,,,,102081,306016,,,,,,,,,,,,,
Linth1,,,,,,,,526538,,,,,,623538,,,,,576470,623545,,,,,,,,,,,,,
Micbo1,,,,,176182,,113837,122073,,,,,,148260,,,,,187563,183893,,,,,,,,,,,,,
Mictri1,,,,,"244359,385155",,,253784,,,,,,365853,,,,,360890,352157,,,,,,,,,,,,,
XylPMI506,,,,,"480659,461117",,,404702,,,,,,548207,,,,,376169,509877,,,,,,,,,,,,,
Daces1,,,,,297510,,,642812,,,,,,,,,,,,,,,,,,,,,,,,,
Cylol1,,,,,541082,,,538551,,,,,,,,,,,,,,,,,,,,,,,,,
Neodi1,,,,,8952,,,5079,,,,,,,,,,,,,,,,,,,,,,,,,
Eutla1,,,,,,,,9105,,,,,,3748,,,,,305,,,,,,,,,,,,,,
Diadis1,,,,737915,,,,863921,,,,,,651459,,,,,679834,752674,,,,,,,,,,,,,
Durrog2,,,,,,,,203720,,,,,,588063,,,,,593239,386736,,,,,,,,,,,,,
Cytch1,,,,,,,,,462806,,,,,524394,,,,,457671,86646,,,,,,,,,,,,464005,
Pilidi1,,,,,,,375259,,482611,,,,,481327,,,,,462335,365222,,,,,,,,,,,,,
Crypo1,,,,,,,507952,,478410,,,,,331645,,,,,342233,409610,,,,,,,,,,,,,
Polci1,,,341736,,,,,,288939,,,,,,307118,,,,,,,,286400,,,277392,,,,,,,
Boeex1,,,,,162570,,,,183497,,,,,,389812,,,,306607,,,,395954,,,,,,,,,,
Pyrtr1,,,,,,,,,152188,,,,,,149010,,,,149002,,,,155732,,,,,,,,,,
Altpo1,,,,,,,,,121237,,,,,,120528,,,,120530,,,,113532,,,,,,,,,,
Stano2,,,,,"2392,7871",,,,5794,,,,,,5469,,,,5473,,,,3939,,,,,,,,,,
Daralp1,,,,,,,,,533271,,,,,,849688,,,,506749,,,,277186,,,,,,,,,,
Maseb1,,,,,,,,,520149,,,,,,549230,,,,507065,,,,537535,,,,,,,,,,
Glost2,,385190,,,,,,,390333,,,,,,40973,,,,340396,,,,367377,,,,,,,,,,
Talpro1,,,,"289331,453005",,393109,,,,"286554,394839",,,,,,365142,,414918,,,308494,445710,,445710,,,,,394841,441517,379691,375431,
Asparx1,,,,220366,115017,,,,,203013,,,,,,,,211786,,,,203011,,203011,,,,,,212401,,201752,
Aspneos1,,,,"45984,48018",32109,37861,,,,45988,,,,19809,,,,38537,,,,"43628,45986",,"43628,45986",,,,,,35612,31957,46298,
Aspneoc1,,,,165624,150970,,,,,30745,,,,,,,,189556,,,,165620,,165620,,,,,,30737,,,
Aspparac1,,,,10089,28294,,,,,10082,,,,,,,,8237,,,,10090,,10090,,,,,,17875,,,
Aspneoca1,,,,404819,333162,,,,,404823,,,,,,,,407038,,,,404825,,404825,,,,,,404827,,,
Aspres1,,,,138338,104250,,,,,162256,,,,,,,,113611,,,,138341,,138341,,,,,,138342,,,
Asppeni1,,,,198253,72574,,,,,79219,,,,,,,,201586,,,,79223,,79223,,,,,,198257,,,
Asptep1_1,,,,31699,28955,,,,,23754,,,,,,,,17323,,,,15221,,15221,,,,,,23752,,,
Eurhe1,,,,449802,470348,,,,,548125,,,,,,,,213758,,,,528814,,528814,,,,,,513152,,,
Aspend1,,,,149810,25430,,,,,149813,,,,,,,,79604,,,,149815,121131,149815,,,,,,149816,,,
Aspgl1,,,,52685,63847,,,,,159116,,,,,,,,128659,,,,136882,,136882,,,,,,52690,,,
Aspmeg1,,,,655651,683378,,,,,79556,,,,,,,,673250,,,,655639,,655639,,,,,,655637,,,
Aspspir1,,,,494313,484575,,,,,494310,,,,,,,,496592,,,,494309,223149,494309,,,,,,494305,,,
Aspcu1,,,,388023,404814,,,,,435510,,,,,,,,424617,,,,457955,,457955,,,,,,457954,,,
Aspcapp1,,,,441493,590103,,,,,597002,,,,,,,,153714,,,,596998,,596998,,,,,,596996,,,
Aspcost1,,,,97906,174688,,,,,241493,,,,,,,,237920,,,,241494,,241494,,,,,,192260,,,
Aspchev1,,,,163798,159572,,,,,200930,,,,,,,,79033,,,,200932,,200932,,,,,,200934,,,
Aspcri1,,,,8297,2882,,,,,8294,,,,,,,,6608,,,,8293,,8293,,,,,,8292,,,
Aspbrev1,,,,280003,"244315,249368",,,,,264995,,,,,,,,"270123,279997",,,,279999,,279999,,,,,,229294,,,
Aspsy1,,,,152224,"268938,25901",659517,,,,"58365,50178",,,,,,,,61851,,,,89943,,89943,,,,,,45659,,,
Aspve1,,,,"150612,31215","84866,120349",,,,,"652310,204195",,,,,,,,47184,,,,62119,,62119,,,,517813,,83363,47077,,
Aspamoe1,,,,"162790,101266",22490,74174,,,,"162719,226962",,,,,,,,59138,,,,193618,,193618,,,,210297,,193619,201344,,
Aspang1,,,,"937541,291886","795974,797072",,,,,"937546,936179",,,,,,,,214494,,,,937545,,937545,,,,952823,,937543,929437,,
Aspcreb1,,,,"578022,586191","161369,569297",,,,,"590684,573706",,,,,,,,586656,,,,381176,,381176,,,,570097,,565401,415485,,
Asppuu1,,,,"222038,253352","21459,242290",,,,,"222033,248879",,,,,,,,244879,,,,222034,,222034,,,,236583,,222035,218383,,
Aspten1,,,,"700596,710140","578605,579712",,,,,"724935,104680",,,,,,,,628969,,,,700600,,700600,,,,728763,,724933,696602,,
Asplep1,,,,"200500,152234","200336,202149",,,,,156663,,,,,,,,170889,,,,,,,,,,,,,"186391,181914",,
Aspalli1,,,,"318691,312782","319255,321678",,,,,314982,,,,,,,,318694,,,,,,,,,315595,,,,297172,,
Aspalbe1,,,,"192408,188598","194353,194055",,,,,171529,,,,,,,,192406,,,,,,,,,193321,,,,152903,189558,
Aspber1,,,,"119769,302968","281413,302717",,,,,305228,,,,,,,,119762,,,,,,,,,,,,,,,
Asppsec1,,,,"307474,106451","303442,309609",,,,,310553,,,,,,,,302833,,,,,,,,,,310279,,,,,
Aspcae1,,,,"172553,164064","170737,170130",,,,,171209,,,,,,,,117677,,,,,,,,,132067,,,,,,
Asppset1,,,,"272700,292383","281503,294410",,,,,272038,,,,,,,,294531,,,,,,,,,292718,288751,,,,,
Aspcor1,,,,"155145,164897",,,,,,165397,,,,,,,,162514,,,,,,,,,,,,,,,
Asptam1,,,,"312945,304111","286456,313617",,,,,311161,,,,,,,,266808,,,,,,,,,,,,,,,
Aspbom1,,,,"8711,3809","5668,6170",,,,,4553,,,,,,,,8712,,,,,,,,,5726,5303,,,,,
Aspnom13137_1,,,,"2384,5570","7124,2421",,,,,4331,,,,,,,,2383,,,,,,,,,,6264,,,,,
Aspnom1,,,,"159854,159091","137307,157332",,,,,143717,,,,,,,,159852,,,,,,,,,,141402,,,,,
Asppsen1,,,,"296253,269060","274735,295045",,,,,278361,,,,,,,,273670,,,,,,,,,,196490,,,,,
Asptra1,,,,"583957,561880","563125,592394",,,,,587220,,,,,,,,25669,,,,,,,,,,590359,,,,,
Asppar1,,,,"232184,213791","216112,236480",,,,,213053,,,,,,,,232182,,,,,,,,,,236234,,,,,
Aspara19utr,,,,"176956,154329","177264,172300",,,,,146756,,,,,,,,176958,,,,,,,,,,31100,,,,,
Aspmin1,,,,"226064,239428","246882,225960",,,,,246360,,,,,,,,95584,,,,,,,,,,217129,,,,,
Aspser1,,,,"203511,53339,193144",215289,,,,,190833,,,,,,,,172891,,,,,,,,,,180441,,,,,
Asppari1,,,,"387236,378913","399707,378459",,,,,406403,,,,,,,,387237,,,,,,,,,,29656,,,,,
Aspfl2_3,,,,"2158571,1876567","10155,1197",,,,,2278795,,,,,,,,10682,,,,,,,,,,2282816,,,,,
Aspor1,,,,"6660,10633","7178,1016",,,,,1742,,,,,,,,6661,,,,,,,,,,5684,,,,,
Aspnovo1,,,,"173390,102608,232073",227216,,,,,198958,,,,,,,,106250,,,,,,,,,,231534,,,,,
Aspinso1,,,,138375,128324,,,,,155618,,,,,,,,"171359,7017",,,,163725,,163725,,,,,,163726,,,
Aspall1,,,,152142,"138538,151938",,,,,130264,,,,,,,,152141,,,,148471,,148471,,,,,,148470,,,
Aspamb1,,,,193795,"192912,201562",,,,,193794,,,,,,,,208603,,,,202785,,202785,,,,,,202784,,,
Aspcl1,,,,1561,6972,,,,,1563,,,,,,,,1566,,,,1564,,1564,,,,,,1565,,,
Aspgig1,,,,350000,332753,,,,,349995,,,,,,,,334550,,,,320275,,320275,,,,,,186119,,,
Asplon1,,,,212125,191306,,,,,223296,,,,,,,,212130,,,,72473,,72473,,,,,,72551,,,
Aspcla1,,,,243204,228328,,,,,243201,,,,,,,,235582,,,,54559,,54559,,,,,,227840,,,
Asprhi1,,,,175087,137963,,,,,169561,,,,,,,,175092,,,,87239,,87239,,,,,,160747,,,
Aspbre1,,,,"229177,253004","262582,137854",,,,,266394,,,,,,,,19805,,,,251091,,251091,,,,,251092,,,,
Aspdur1,,,,"258398,259178",189146,,,,,258400,,,,,,,,267954,,,,178385,,178385,,,,,178407,,,,
Asptsu1,,,,"430116,426335",126188,,,,,401630,,,,,,,,378054,,,,213132,,213132,,,,,213068,,,,
Asppal1_1,,,,"389539,390978",379519,,,,,370009,,,,,,,,240232,,,,370008,,370008,,,,,370004,,,,
Asppri1,,,,"396526,378515",168710,340482,,,,396529,,,,,,,,281021,,,,281006,,281006,,,,,366775,,,,
Aspvir1,,,,"231911,183338",225362,,,,,193579,,,,,,,,231918,,,,193580,,193580,,,,,43919,,,,
Aspfer1,,,,207646,194645,,,,,207643,,,,,,,,207639,,,,202694,,202694,,,,,194109,,118710,,
Aspbrevi1,,,,265834,235507,,,,,254719,,,,,,,,254708,,,,15088,,15088,,,,,254713,,,,
Asppern1,,,,227698,1311,,,,,211916,,,,,,,,211919,,,,198032,,198032,,,,,133167,,,,
Aspneow1,,,,225211,9175,,,,,196490,,,,,,,,208118,,,,225213,,225213,,,,,225214,,,,
Asptur1,,,,157098,69320,,,,,157096,,,,,,,,157093,,,,157095,,157095,,,,,167098,,,,
Asppap1,,,,465400,2862,,,,,465397,,,,,,,,465394,,,,458667,,458667,,,,,458666,,379756,,
Aspmult1,,,,308682,169404,,,,,346958,,,,,,,,346965,,,,346959,,346959,,,,,105700,,,,
Aspass1,,,,446409,271706,,,,,396734,,,,,,,,446416,,,,436304,,436304,,,,,436305,,,,
Aspnis1,,,,169881,8306,,,,,129388,,,,,,,,39781,,,,129389,,129389,,,,,159663,,,,
Aspspa1,,,,259825,47689,,,,,228888,,,,,,,,127688,,,,228886,,228886,,,,,244715,,,,
Aspshe1,,,,224993,44180,,,,,194911,,,,,,,,224995,,,,158055,,158055,,,,,158085,,,,
Aspaurlut1,,,,327308,320382,,,,,278526,,,,,,,,308363,,,,278527,,278527,,,,,125395,,,,
Aspwak1,,,,486535,165177,,,,,433399,,,,,,,,466631,,,,433400,,433400,,,,,186800,,,,
Asphir1,,,,169321,122702,,,,,176894,,,,,,,,176899,,,,176896,,176896,,,,,169316,,,,
Aspfu_A1163_1,,,,102412,100650,,,,,102414,,,,,,,,102419,,,,102415,,102415,,,,,102417,,,,
Aspfu1,,,,3225,1429,,,,,3227,,,,,,,,3230,,,,3228,,3228,,,,,3229,,,,
Aspspi1,,,,285211,93724,,,,,259890,,,,,,,,285208,,,,108011,,108011,,,,,108000,,,,
Aspbot1,,,,212822,62476,,,,,171746,,,,,,,,212827,,,,110198,,110198,,,,,110199,,,176638,
Asplaci1,,,,280490,110944,,,,,286404,,,,,,,,286403,,,,202840,,202840,,,,,268122,,,,
Neofi1,,,,8433,2350,,,,,8435,,,,,,,,8438,,,,8436,,8436,,,,,8437,,,,
Aspcorea1,,,,382354,217654,,,,,340305,,,,,,,,373942,,,,182256,,182256,,,,,182188,,,,
Aspoer1,,,,391544,"411011,19572",,,,,411303,,,,,,,,316451,,,,400442,,400442,,,,,316314,,,,
Asplen1,,,,282452,175613,,,,,274081,,,,,,,,295917,,,,292613,,292613,,,,,123740,,,,
Aspfumis1,,,,343712,309384,,,,,327302,,,,,,,,353971,,,,278845,,278845,,,,,278855,,,,
Aspnov1,,,,501077,,,,,,438093,,,,,,,,448094,,,,438094,,438094,,,,,457049,,,,
Aspfumig1,,,,156282,159422,,,,,124739,,,,,,,,147855,,,,124737,,124737,,,,,45914,,,131664,
Aspign1,,,,"269643,282510",276127,,,,,279256,,,,,,,,279260,,,,269646,,269646,,,,,269647,,,,
Aspudag1,,,,"228605,320158",304402,,,,,325163,,,,,,,,,,,,325165,,325165,,,,,325167,,,,
Aspuda1,,,,"931,5880",2691,,,,,934,,,,,,,,937,,,,935,,935,,,,,936,,,,
Aspsia1,,,,478652,347913,496571,,,,457761,,,,,,,,500013,,,,343932,,343932,,,,,343885,,,,
Asppsev1,,,,"286798,256362",215122,,,,,255593,,,,,,,,286792,,,,268015,,268015,,,,,157295,,,260739,
Asppsf1,,,,"166837,167533",188310,,,,,186716,,,,,,,,82355,,,,186714,,186714,,,,,82357,,,176033,
Asppara1,,,,"461535,480438","434613,377058",,,,,258876,,,,,,,,461530,,,,479052,,479052,,,,,470305,,,406991,
Penste1,,,,3146,7056,,,,,3182,,,,2574,,,,3148,,,,,,,,,,,6109,,5273,,
Penbi1,,,,"363962,361929","451991,453916",,,,,437294,,,,,,,,457846,,,,,,,,,,,368345,,,,
Pengl1,,,,"319342,388459",326071,,,,,434309,,,,,,,,344929,,,,386211,,386211,,,,,386210,,449500,,
ThyNC0857_1,,,,,,,,,,405769,,,,411825,,,,405726,,,,"411816,398359",,"411816,398359",,,,,,,342950,,
Penfe1,,,,420905,"367642,443209",,,,,248234,,,,,,,,379160,,,,374188,,374188,,,,,374189,,,,
Pendec1,,,,"3635,2320","3285,4299",,,,,1835,,,,,,,,2319,,,,,,,,,,,6044,,,,
Pencit1,,,,"416461,507120","231391,519718",,,,,507101,,,,,,,,,,,,169835,,169835,,,,,169837,,530248,,
Penox1,,,,"6066,9459",451,,,,,9419,,,,,,,,9458,,,,4476,,4476,,,,,4477,,,9203,
Pensub1,,,,7595,4644,,,,,7639,,,,,,,,7597,,,,9014,,9014,,,,,9013,,1252,,
Penca1,,,,"368201,330817,420172",,,,,,366664,,,,,,,,366620,,,,436359,,436359,,,,,366662,,,,
Penanta1,,,,"3148,357507",345569,,,,,314153,,,,,,,,288600,,,,392250,,392250,,,,,381996,,,,
Penant1,,,,4178,1211,10106,,,,8176,,,,,,,,8213,,,,8177,,8177,,,,,8178,,,,
Penatra1,,,,61910,44563,,,,,69562,,,,,,,,60451,,,,69561,,69561,,,,,51326,,,,
Penra1,,,,309878,308295,383920,,,,385349,,,,,,,,299645,,,,313468,239933,313468,,,,,352904,,,,
PenbrAgRF18_1,,,,"346457,343846",381601,,,,,365989,,,,,,,,290737,,,,394220,,394220,,,,,365992,,,,
Penbr2,,,,"39480,50716",49152,,,,,63807,,,,,,,,55836,,,,52553,,52553,,,,,63804,,,,
Penmal1,,,,28923,58656,,,,,59169,,,,,,,,67379,,,,59170,,59170,,,,,51619,,,,
Pencop1,,,,2929,6432,,,,,2966,,,,,,,,2930,,,,2965,,2965,,,,,2964,,,,
Pengri1,,,,4440,7509,,,,,4488,,,,,,,,4441,,,,4487,,4487,,,,,4486,,,,
Penvul1,,,,7044,"6912,3038",,,,,6764,,,,,,,,7045,,,,6763,,6763,,,,,6762,,,,
Penswi1,,,,290389,260979,,,,,311589,,,,,,,,358550,,,,269255,,269255,,,,,311587,,,,
Penfla1,,,,7860,"365,6312",,,,,10717,,,,,,,,10679,,,,10715,,10715,,,,,10716,,,,
Penla1,,,,376719,"383976,429578,368610",,,,,381190,,,,,,,,381147,,,,398109,,398109,,,,,435228,,438622,,
Pennal1,,,,"5124,546","7223,2577",,,,,6646,,,,,,,,6607,,,,6645,,6645,,,,,6644,,,,
Pench1,,,,37372,"69065,8086",86037,,,,65815,,,,,,,,67421,,,,1056,,1056,,,,,1057,,,7658,
PenchWisc1_1,,,,148036,145457,"140725,140705",,,,146447,,,,,,,,146403,,,,146446,,146446,,,,,146445,,,141866,
Aspcris1,,,,,"433186,434253",,,,,384343,,,,,,,,395965,,,,384346,,384346,,,,,384350,,383865,,
Penth1,,,,175288,220852,,,,,182010,,,,,,,,212226,,,,107832,,107832,,,,,169989,,,175243,
Pennord1,,,,,,5148,,,,8198,,,,,,,,11391,,,,8199,,8199,,,,,8200,,,,
Penpol1,,,,,2207,,,,,158,,,,,,,,104,,,,157,,157,,,,,156,,,,
Penita1,,,,,7874,,,,,4149,,,,,,,,3833,,,,4148,,4148,,,,,4147,,,,
Pendi1,,,,,1329,,,,,4699,,,,,,,,4661,,,,4698,,4698,,,,,4697,,,,
Pendig1,,,,,16997,,,,,12839,,,,,,,,12801,,,,12838,,12838,,,,,12837,,,,
Penex1,,,,,324791,,,,,372656,,,,,,,,372617,,,,372655,,372655,,,,,398939,,,,
Penexp1,,,,,5580,,,,,1091,,,,,,,,1036,,,,1090,,1090,,,,,1089,,,,
Pensol1,,,,6912,11235,,,,,7381,,,,,,,,7324,,,,7380,,7380,,,,,7379,,,,
Pensoli1,,,,290116,243653,,,,,256722,,,,,,,,307780,,,,318600,,318600,,,,,360652,,,,
Thelan1,,,,"6033,6033",,,,,,6035,,,,,,,,6032,,,,6034,,6034,,,,,"6033,2661,6033",,,,
Talst1_2,,,,12034,,,,,,12030,,,,,,,,12035,,,,12031,,12031,,,,,12032,,,,
Talabor1,,,,3195,,,,,,3190,,,,,,,,3196,,,,3192,,3192,,,,,3193,,8677,,
Talma1_2,,,,7830,,,,,,7825,,,,,,1738,,7836,,,1736,7826,,7826,,,,,"7828,7827",,,,
Aspcon1,,,,,755260,,,,,895266,,,,,,,,569376,,,,,,,,,,,,,,,
Aspbip1,,,,314176,,,,,,305121,,,,,,,,305587,,,,194211,302247,194211,,,,,,"248648,282753",,,
Asphom1,,,,,"452657,461277",,,,,343502,,,,,,,,445644,,,,,,,,,,,,,,337543,
Aspsac1,,,,,"391462,402725",,,,,15533,,,,,,,,393967,,,,,,,,,,,,,,,
Aspacu1,,,,,"326027,468910,392731",,,,,437556,,,,,,324596,,426258,,,402130,,,,,,,,,439211,,375847,
Aspfij1,,,,,"524647,476659,532475",,,,,86334,,,,,,516643,,303140,,,455474,,,,,,,,,492417,,461238,
Aspbru1,,,,,"492512,379965,480512",,,,,205689,,,,,,499080,,356583,,,454077,,,,,,,,,464783,,373657,
Aspac1,,,,,"20684,20619",,,,,41006,,,,,,31261,,36084,,,53255,,,,,,,,,44827,,46498,
Aspflor1,,,,,"227167,229139",,,,,37546,,,,,,230425,,230326,,,113083,,,,,,,,,211700,,207469,
Aspind1,,,,,"36432,497953",,,,,348454,,,,,,470292,,138431,,,392389,,,,,,,,,444629,,,
Aspvio1,,,,,"460221,456434",,,,,348325,,,,,,331228,,471061,,,331287,,,,,,,,,421840,,426399,
Aspuva1,,,,,"340604,316378",,,,,328596,,,,,,194862,,421638,,,194894,,,,,,,,,378548,,350097,
Aspjap1,,,,,"344080,429077",,,,,139258,,,,,,442238,,407456,,,236645,,,,,,,,,404237,,313087,
Aspell1,,,,,"396861,481806,486353,390380",,,,,395643,,,,,,,,439780,,,,,,,,,,,,,,,
Asphet1,,,,,"426446,426471,418339,341967",,,,,302247,,,,,,,,380232,,,,,,,,,,,,,,,
Aspscl1,,,,,"545864,556167,513689",,,,,458630,,,,,,,,517529,,,,,,,,,,,,,,,
Aspscle1,,,,,"321121,373598,311419",355831,,,,372743,,,,,,376492,,71341,,,,,,,,,,,,,,,
Aspca11822_1,,,,,"691353,498687,482807",,,,,440090,,,,,,,,699875,,,,,,,,,,,,,,,
Aspca3,,,,,"207985,147796,133074",,,,,8073,,,,,,,,172075,,,,,,,,,,,,,,,
Aspca4,,,,,"1117392,835690,209745",,,,,194418,,,,,,,,1123208,,,,,,,,,,,,,,,
Aspca12550_1,,,,,"178350,178942,183095",,,,,470228,,,,,,,,264029,,,,,,,,,,,,,,,
Aspbr1,,,,,"60331,119835,138786,133036",,,,,113406,,,,,,,,131114,,,,,,,,,,,,,,,
Aspvad1,,,,,"339201,404644,445148,444350",,,,,402069,,,,,,,,46588,,,,,,,,,,,,,,,
Asppip1,,,,,"443221,408097,465482",,,,,460706,,,,,,,,433264,,,,,,,,,,,,,,,
Asplac1,,,,,"34651,365065,457361,455127",,,,,116890,,,,,,,,377663,,,,,,,,,,,,,,,
Aspni_NRRL3_1,,,,,"2783,2751,8516",,,,,1039,,,,,,,,462,,,,,,,,,,,,,,,
Aspni_bvT_1,,,,,"282804,282830,335678,275967",,,,,327251,,,,,,,,374043,,,,,,,,,,,,,,,
Aspneo1,,,,,"295862,431977,433815,342734",,,,,408754,,,,,,,,328864,,,,,,,,,,,,,,,
Asptu1,,,,,"28606,40994,70613",,,,,49054,,,,,,,,196559,,,,,,,,,,,,,,,
Aspeuc1,,,,,"303649,433771,444894,350714",,,,,320771,,,,,,,,359301,,,,,,,,,,,,,,,
Aspka1_1,,,,,"16392,16366,20918",,,,,20287,,,,,,,,17832,,,,,,,,,,,,,,,
Aspfo1,,,,,"716058,30762,157236,50562",,,,,62573,,,,,,,,347443,,,,,,,,,,,,,,,
Aspni_DSM_1,,,,,"156418,156385,159967,158367",,,,,166317,,,,,,,,163030,,,,,,,,,,,,,,,
Aspph1,,,,,"282987,232700,260621,256315",,,,,107345,,,,,,,,339298,,,,,,,,,,,,,,,
Aspbisp1,,,,,"30362,198291",,,,,182799,,,,,,,,209087,,,,,,,,,,,,,,,
Aspfuni1,,,,39722,"214948,206655",,,,,117786,,,,,,,,189627,,,,,,,,,198604,,,,,,
Aspram1,,,,5819,"2264,2464",,,,,4111,,,,,,,,5818,,,,,,,,,,3797,,,,,
Aspramb1,,,,213502,"229987,230901",,,,,223931,,,,,,,,232968,,,,,,,,,,91330,,,,,
Aspoch1,,,,509566,"431074,514909",,,,,517403,,,,,,,,436884,,,,,,,,,,476156,,,,,
Aspoch1432_1,,,,3696,"4522,1127",,,,,2478,,,,,,,,3697,,,,,,,,,,7740,,,,,
Aspamy1,,,,51065,"149471,162666",,,,,173006,,,,,,,,161347,,,,,,,,,,174771,,,,,
Aspsil1,,,,140616,"281696,314059",,,,,332863,,,,,,,,297028,,,,333202,,333202,,,322776,333842,,169979,,,
Aspkar1,,,,226275,"230397,228104,219487",,,,,229873,,,,,,,,229355,,,,,,,,,,,,,,224469,
Aspcru1,,,,407878,"388551,398588",,,,,389239,,,,,,,,217015,,,,,,,,,,,,,,,
Aspspe1_1,,,,183357,"207570,206816",,,,,172655,,,,,,,,166486,,,,,,,,,,200428,,,202755,,
Aspund1_1,,,,124511,"278676,7803",,,,,258691,,,,,,,,296084,,,,,,,,,,,,,,,
Aspven1,,,,"33108,47222","40300,40285",,,,,37196,,,,,,,,43874,,,,,,,29102,,,38220,,,29100,,
Aspstel1_1,,,,188443,"42383,195080",,,,,205453,,,,,,,,209363,,,,,,,191223,,,,,,210209,,
Aspoli1_1,,,,55946,"229759,229745",,,,,200455,,,,,,,,,,,,,,,209386,,,209853,,,219204,,
Aspdro1,,,,220308,"246529,169605",,,,,201765,,,,,,,,241277,,,,,,,235386,,,,,,235384,,
Aspmir1,,,,217090,"119915,179176",,,,,227794,,,,,,,,215737,,,,,,,212960,,,155677,,,231705,,
Aspgra1,,,,422177,73606,,,,,444780,,,,,,,,277187,,,,,,,,,,,,,,,
Asphethal1,,,,"281622,300927",299700,,,,,299735,,,,,,,,138715,,,,,,,,,,280071,,,,,
Asppust1,,,,"249546,261815","260493,224869",,,,,46814,,,,,,,,247384,,,,,,,,,,261695,,,,,
Asppdef1,,,,269603,161084,,,,,277781,,,,,,,,277196,,,,,,,,,,263275,,,,,
Aspcal1,,,,759044,771132,"763918,768138",,,,771726,,,,,,,,763353,,,,,,,,,,760313,,,,,
Aspcali1,,,,611263,496391,509917,,,,626827,,,,,,,,633600,,,,,,,,,,642923,,,,,
Aspins1,,,,317384,308369,,,,,316793,,,,,,,,319173,,,,,,,,,,,,,,,
Aspkev1,,,,39426,23741,,,,,351734,,,,,,,,346542,,,,,,,,,,349516,,,,,
Aspth1,,,,347715,352260,"354433,333442",,,,348288,,,,,,,,375328,,,,,,,,,,,,,,,
Aspger1,,,,233174,250195,,,,,250727,,,,,,,,251459,,,,,,,,,,,,,,,
Aspaurlat1,,,,49979,125951,190274,,,,264414,,,,,,,,281966,,,,,293381,,,,,297562,,,,,
Aspung1,,,,60327,"24561,61922",43672,,,,52178,,,,,,,,48945,,,,,,,,,,,,,39693,,
Aspmic1,,,,59742,"27761,360602",355182,,,,362093,,,,,,,,358595,,,,,,,,,,,,,350086,,
Aspmul1_1,,,,"153354,178036","186268,186265",,,,,171839,,,,,,,,179852,,,,,,,,,,184245,,,,,
Asprec1_1,,,,196369,"134936,174980",,,,,203772,,,,,,,,189294,,,,,,,,,,,,,,,
Aspnav1_1,,,,207956,249988,,,,,231663,,,,,,,,248820,,,,,,,212571,,,248988,,,212565,,
Aspfalc1,,,,172855,"196147,193507",,,,,173796,,,,,,,,173929,,,,,,,,,,187576,,,,,
Aspfru1,,,,213881,"195118,150258",,,,,217149,,,,,,,,206500,,,,,,,,,,217457,,,,,
Aspind2_1,,,,"210049,198831","181166,8287",,,,,207643,,,,,,,,210666,,,,,,,,,,,,,,,
Aspsim1_1,,,,"134357,216164","202872,202890",,,,,174566,,,,,,,,36921,,,,,,,,,,,,,,,
Aspne1,,,,15564,"189910,189905",,,,,178721,,,,,,,,185859,,,,,,,,,,184098,,,,,
Aspcle1,,,,50822,153724,,,,,146973,,,,,,,,152727,,,,,,,,,,140273,,,,,
Aspacri1,,,,214154,226940,,,,,208597,,,,,,,,207839,,,,,,,,,,102815,,,,,
Aspfove1,,,,"157606,172039","165629,146599",,,,,158921,,,,,,,,162055,,,,,,,,,,170680,,,,,
Aspden1,,,,132648,"156134,302779",,,,,320674,,,,,,,,328547,,,,,,,,,,316708,,,,,
Aspsublat1,,,,273473,"76102,257405",,,,,267345,,,,,,,,281362,,,,,,,,,,273078,,,,,
Aspquag1,,,,35181,"230805,143285",,,,,221341,,,,,,,,230344,,,,,,,,,,176568,,,,,
Aspquaf1,,,,142477,"130648,107636",,,,,160817,,,,,,,,160020,,,,,,,,,,86123,,,,,
Asptetr1,,,,123180,"41763,42265",,,,,201162,,,,,,,,204416,,,,,,,,,,202070,,,,,
Sarco1,,415544,"487229,497549,501706",,,,,,,,,,,,,,,,,,,,,,,,,,,,,,
Plemel1,,531451,"408801,430685,351502",,,,,,,,,,,,,,,,,,,,,,351819,,,,,425307,,,
Lepmi1,,,,,28065,,,,,,,,,,"552421,64230",,,,358578,,,,,,,,,,,,,,
Glalo1,,1236,"6000,5967,9344",,,,,,,,,,,2084,,3063,,,,,,,,,,,,,,,,,
Xylhe1,,,"249858,230910","235436,254481",,,,,,,,,,265316,,,,,,,,,223250,,,,254283,,,,,,
Trigu1,1049710,,"1081936,1012123",1063209,,,,,,,,,,964250,,,,,,,,,1006373,,,,,,,,,,
Monpu1,,,,,"557234,522687",496958,,,,,,,,518777,,,,,,,,,,,,,,,,,"506099,509132",,
Byssp1,,,,2443,5790,,,,,,,,,5818,,,,2444,,,,5820,,5820,,,,,,,5822,,
Bysni1,,,,89838,64253,,,,,,,,,80870,,,,80212,,,,70516,,70516,,,,,,,60813,,
Xanpa2,787779,,1659190,,,,,,,,,,,1655435,,,,,,,,,1595584,,,,,,,,,,
LobpulSc1,1651034,2135870,2097356,480319,,,,,,,,,,2155998,,,,,,,,,,,,,2142639,,,,,,
LobpulAf1,,1071383,"682402,553406",961146,,,,,,,,,,1151007,,,,,,,,,,,,,120168,,,,,,
Lobpul1,498546,1246117,1073247,1079385,,,,,,,,,,1274420,,,,,,,,,,,,,1249267,,,,,,
LobpulSw1,,4048170,"4015554,4231688",3364896,,,,,,,,,,4066452,,,,,,,,,,,,,4184938,,,,,,
LobpulSp1,,966187,"1174477,13911",48433,,,,,,,,,,977897,,,,,,,,,,,,,1144743,,,,,,
Pseudest1,"3877,2999",240,4665,,,,,,,,,,,4667,,,,,,4669,,,,,,,,,,4671,,,
Ant016_1,656473,,,,,,,,,,,,,606850,,,,,,654205,,,,,,,,,,174288,,,
Thest1,5940,,4534,,,,,,,,,,,4445,,,,,,8213,,,,,,,,,,8214,,,
Themi1,550750,,551072,,,556705,,,,,,,,542070,,,,,,551940,,,,,,,,,,529303,,,
Theglo1,366551,,332691,,,,,,,,,,,52215,,,,,,321935,,,,,,,,,,58505,,,
Calmar1,556087,574299,524760,,532432,,,,,,,,,457116,,,,,532949,317711,,,,,,,,,,,,,
Crypa2,,,,,,,33703,,,,,,,334164,,,,,255659,268845,,,,,,,,,,,,,
Podan3,,,,,,,,,,,,,,203900,,,,,,,,,,,,,,,,,,,
Humgr1,,,,,,,,,,,,,,1457,,,,,1522,,,,1175,,,,,,,,,,
Hirmi1,,,,,7416,,,,,,,,,9937,,,,,,,,"9921,9922",,9922,,,,,,9920,,,
Valla1,,,,,,,,,,,,,,621392,,,,,524502,,,,575770,,,,,,,,,,
Verda1,,,,,,,,,,,,,,190,,,,,"10425,8909",183,,,,,,,,,,,,,
Astsub1,,,,,126062,,,,,,,,,297789,,,,,389351,452572,,,,,,,,,,,,,
Calor1,,,,,,,1349,,,,,,,,,,,,,,,,,,2221,,,,,,2219,,
Phach1,,,,,,,,,,,,,,,,,"4203,5136",,886,,5134,,,,,,,,,,,,
Myrdu1,,286777,,288176,,,,,,,,,,,253416,,,,,,,,218643,,,253410,,,,,,,
Myrian1,,,,258098,,,,,,,,,,,253708,,,,,,,,322081,,,253723,,,,,,,
Cocmi1,,,,,,,,,,,,,,,1596,,,,22732,,,,,,,,,,,,,,
CocheC5_4m,,,,,,,,,,,,,,,30478,,,,1018608,,,,1022295,,,,,,,,,,
Aspte1,,,,,"8792,8817",,,,,,,,,,,,,,,,,,,,,,,,,,3250,,
Asppseute1,,,,,"543647,504811",,,,,,,,,,,,,,,,,,,,,,,,,,,,
Asppterr1,,,,,"182736,175151",,,,,,,,,,,,,,,,,,,,,,,,,,,,
Aspfili1,,,,183913,"38139,95173",,,,,,,,,,,,,200944,,,,,,,180425,,,,,,156008,,
Aspcalif1,,,,269986,"217927,269430",,,,,,,,,,,,,269261,,,,,,,,,,,,,,,
Asptran1,,,,156235,"131029,158183,130984",,,,,,,,,,,,,145121,,,,,,,,,93847,,,,,,
Aspnut1,,,,,"218458,235459,116013",,,,,,,,,,,,,,,,,,,,,,239113,,,,,,
Aspparv1,,,,,"174828,91736,174872",,,,,,,,,,,,,,,,,,,,,,213579,,,,,199883,
Pursp1,,,,365603,"388169,266643",83668,,,,,,,,,,,,,,,,,,,,,,,,,,,
Aspzo1,,,,"150730,135325,2123349,56502",,,,,,,,,,,,,,150731,,,,,,,,,,,,,,,
Aspflo1,,,,,"61685,110634,185804",,,,,,,,,,,,,,,,,,,,,,,,,,,185543,
Aspimp1,,,,,203229,,,,,,,,,,,,,,,,,,,,,,,188057,,,,,
Aspfre1,,,,,"168277,43576",,,,,,,,,,,,,,,,,,,,,,,,,,22169,,
Aspneof1,,,,,"259764,290115",,,,,,,,,,,,,,,,,,,,,,,,,,242855,,
Asptem1,,,,,"354532,354636",,,,,,,,,,,,,,,,,,,,,,,,,,346723,,
Aspcap1,,,,,"130927,130899",,,,,,,,,,,,,,,,,,,,,,,,,,,,
Aspiiz1,,,,,"88547,89684",,,,,,,,,,,,,,,,,,,,,,,,,,289153,,
Aspniv1,,,,,"255358,277830",,,,,,,,,,,,,,,,,,,,,,,,,,,,
Aspaur1,,,,,"185154,185136",,,,,,,,,,,,,,,,,,,,,,,,,,,,
Asplup1,,,,,"231374,231395",,,,,,,,,,,,,,,,,,,,,,,,,,,,
Aspaurful1,,,,,"479636,490542",,,,,,,,,,,,,,,,,,,,,,,,,,,,
Aspni7,,,,,"1150102,1118013,1125363",,,,,,,,,,,,,1099425,,,,,,,,,,,,,,,
CocheC5_3,,,,,,,,,,,,,,,,,,,1018608,,,,1022295,,,,,,,,,,
Micca1,,,,8758,,,,,,,,,,,,,,,,,,,,,,,,,,,,6886,
Blugra3_16,7381,,7211,,,,,,,,,,,,,,,,,,,,,,,,,,,,,,
Bgh5874_1,623699,,920667,,,,,,,,,,,,,,,,,,,,,,,,,,,,,,
Blugr2,1167,,1010,,,,,,,,,,,,,,,,,,,,,,,,,,,,,,
BlugrR1_1,78170,,79363,,,,,,,,,,,,,,,,,,,,,,,,,,,,,,
Psene1,2235886,,,,,,,,,,,,,,,,,,,,,,,,,,,,,,,,
Erypi2,2505036,,2357907,,,,,,,,,,,,,,,,,,,,,,,,,,,,,,
Golci1,2878262,,"1661916,1722258",,,,,,,,,,,,,,,,,,,,,,,,,,,,,,
Golor4,4145791,,"4145889,2294466,1498049",,,,,,,,,,,,,,,,,,,,,,,,,,,,,,
Aspcanin1,,,,,80464,,,,,,,,,,,,,,,,,,,,,,,,,,,,
Aspdese1,,,,151014,"43312,166980",,,,,,,,,,,,,,,,,,,,,,,,,,,,
Asppha1,,,,,"22447,32758",,,,,,,,,,,,,26516,,,,,,,,,,,,14731,,,
Tribre1,,,,117281,115816,,,,,,,,,,,,,,,,,,,,,,,,,,,,
Triaru1,,,,2331,3174,,,,,,,,,,,,,,,,,,,,,,,,,,,,
Trici4,,,,1130349,1129883,,,,,,,,,,,,,,,,,,,,,,,,,,,,
Trilo3,,,,1386799,1379467,,,,,,,,,,,,,,,,,,,,,,,,,,,,
Trilon1,,,,645736,483040,,,,,,,,,,,,,,,,,,,,,,,,,,,,
Tripar1,,,,6576,6207,,,,,,,,,,,,,,,,,,,,,,,,,,,,
Trire2,,,,124079,54239,,,,,,,,,,,,,,,,,,,,,,,,,,,,
Trire_Chr,,,,115398,116950,,,,,,,,,,,,,,,,,,,,,,,,,,,,
TrireRUTC30_1,,,,104519,88862,,,,,,,,,,,,,,,,,,,,,,,,,,,,
TriviGv29_8_2,,,,69442,91146,,,,,,,,,,,,,,,,,,,,,,,,,,,,
Triple1,,,,109584,112801,,,,,,,,,,,,,,,,,,,,,,,,,,,,
Trihar1,,,,787547,725312,,,,,,,,,,,,,,,,,,,,,,,,,,,,
Triha1,,,,510295,531915,,,,,,,,,,,,,,,,,,,,,,,,,,,,
Trigui1,,,,7780,6246,,,,,,,,,,,,,,,,,,,,,,,,,,,,
TriharT22_1,,,,523541,547891,,,,,,,,,,,,,,,,,,,,,,,,,,,,
TriharM10_1,,,,522355,378983,,,,,,,,,,,,,,,,,,,,,,,,,,,,
Monru1,,,,,"418298,384770",,,,,,,,,,,,,,,,,475570,,475570,,,,,,,458216,,
Aspstec1_1,,,,"279484,272700","234901,234979",,,,,,,,,,,,,,,,,,,,,,,,,,,,
Asposti1,,,,"176009,157933","199690,184127",,,,,,,,,,,,,,,,,,,,,,,,,,,,
Aspoc7043_1,,,,"566822,756571","528079,686475",,,,,,,,,,,,,,,,,,,,,,,,,,,,
Asppet1,,,,"61912,52671","30632,43074",,,,,,,,,,,,,,,,,,,,,,,,,,,,
Aspoc2036_1,,,,"576141,597139","656476,540078",,,,,,,,,,,,,,,,,,,,,,,,,,,,
Triru1,,,,4153,,,,,,,,,,,,,,,,,,,,,,,,,,,,,
Triver1,,,,3074,,,,,,,,,,,,,,,,,,,,,,,,,,,,,
Artbe1,,,,1075,,,,,,,,,,,,,,,,,,,,,,,,,,,,,
Asphai1,,,,"284906,2611","418523,416611",,,,,,,,,,,,,355149,,,,,414411,,,,,,,,,,
Aspegy1,,,,62208,"403372,542730",,,,,,,,,,,,,544332,,,,,,,,,,542184,,,,,
Aspaura1,,,,,"160636,220641",,,,,,,,,,,,,,,,,,,,,,,218218,,,,,
Aspnid1,,,,4689,"5819,5843",,,,,,,,,,,,,1666,,,,,,,,,,,,,,,
Cloros1,,,,,,,11836,,,,,,,,,,,,,,,,,,,,,,,,,,
Ilyro1,,,,,370634,,399689,,,,,,,,,,,,,,,,,,,,,,,,,,
Aspwe1,,,,114390,27587,36463,,,,,,,,,,,,115577,,,,,,,,,,,,,98518,,
Aspsep1,,,,328055,365524,333886,,,,,,,,,,,,64456,,,,,,,,,,,,,,,
Escweb1,,,,,,,,,,,,,,,,,,,,,,,,,,,,,,,,,
Clafu1,,,,,196870,,,,,,,,,,,,,,,,,,,,,,,,,,,,
Acral2,,,,,,,,,,,,,,,,,,,,,,,,,,,,,,,,,
Sodal1,,,,,,,,,,,,,,,,,,,,,,,,,,,,,,,,,
Asptan1,,,,,360174,345889,,,,,,,,,,,,,,,,,,,,,,,,,,339240,
Asptr1,,,,,"166304,161526",,,,,,,,,,,,,,,,,,,,,,,,,,,131551,
Asptri1,,,,,"158810,153987",,,,,,,,,,,,,,,,,,,,,,,,,,,143264,
Aspneoi1,,,,,"245207,255175",,,,,,,,,,,,,,,,,,,,,,,,,,,252561,
Aspcar1,,,,"325595,302094",307916,,,,,,,,,,,,,315669,,,,,,,,,,318431,,,,,
Aspvar1,,,,363626,"149918,364292",,,,,,,,,,,,,365765,,,,,,,,,,,,,,351022,
TalaHC1_1_1,,,,51093,,,,,,,,,,,,,,51259,,,,51263,,51263,,,,,87790,,,87395,
Aspfla1,,,,263671,"253966,265189",,,,,,,,,,,,,,,,,"263552,83784",,"263552,83784",,,,,,,"256019,239320",,
Amyenc1,,471708,"459364,512606,504408",,,,,,,,,,,,,,,,,,,,,,,,,,,,,,
Triham1,,,,,,,,,,,,,,,,,,,,,,,,,,,,,,,,,
Triasp1,,,,104622,418358,,,,,,,,,,,,,,,,,,,,,,,,,,,,
Trias1,,,,63022,92589,,,,,,,,,,,,,,,,,,,,,,,,,,,,
Trigam1,,,,3494,,,,,,,,,,,,,,,,,,,,,,,,,,,,,
Triat2,,,,217148,81453,,,,,,,,,,,,,,,,,,,,,,,,,,,,
Triatro1,,,,516027,516668,,,,,,,,,,,,,,,,,,,,,,,,,,,,
Triatr1,,,,481195,524599,,,,,,,,,,,,,,,,,,,,,,,,,,,,
Triatrov1,,,,501348,485011,,,,,,,,,,,,,,,,,,,,,,,,,,,,
Polsie1,,871536,765581,658105,,,,,,,,,,,,,,,,,,,,,,,,,,,,,
Symko1,875118,968155,951276,,,,,,,,,,,,,,,,,,,,788090,,,,,,,,919455,,
Metro1,,,,"1976,2270",6868,5151,,,,,,,,,,,,,,,,7996,,,,,,,,7997,170,,
Metac1,,,,"1518,5384",4467,,,,,,,,,,,,,,,,,9309,,,,,,,,9308,,,
MarPMI226,,,,496031,355488,,,,,,,,,,,,,,,,,,,,,,,,,,,,
Fustri1,,,,592387,4431,,,,,,,,,,,,,,,,,,,,,,,,,,,,
Fustr1,,,,490228,2404,,,,,,,,,,,,,,,,,,,,,,,,,,,,
Fusven1,,,,486295,425629,,555735,,,,,,,,,,,,,,,,,,,,,,,,,,502830
Fusps1,,,,2499,3584,,5736,,,,,,,,,,,,,,,,,,,,,,,,,,9793
Fusgra2,,,,1417045,1508866,,1170319,,,,,,,,,,,,,,,,,,,,,,,,,,1506520
Fusgr1,,,,2666,12021,,4617,,,,,,,,,,,,,,,,,,,,,,,,,,
Aspluc1,,,,342125,90603,"342214,31543",,,,,,,,,,,,263129,,,,,,,,,,380873,,,,,
Aspsul1,,,,45914,36762,,,,,,,,,,,,,,,,,,,,,,,,,,,,
Aspsubr1,,,,"317538,311599",326110,,,,,,,,,,,,,,,,,,,,,,,,,,,319076,
Aspper1,,,,"295631,302861",304468,,,,,,,,,,,,,,,,,,,,,,,,,,,302513,
Aspchr1,,,,"285772,15286",291683,,,,,,,,,,,,,,,,,,,,,,,,,,,288614,
Aspsc1,,,,"246776,233588",246908,,,,,,,,,,,,,,,,,,,,,,,,,,,231487,
Aspfl1,,,,"35904,30812","35400,34933",,,,,,,,,,,,,35903,,,,,,,,,,,,,,,
Fusre1,,,,,509052,,,,,,,,,,,,,,,,,,,,,,,,,,,,638964
Fusoxvas1,,,,,25083,,21006,,,,,,,,,,,,,,,,,,,,,,,,,,11484
Fusco1,,,,,636978,681572,628394,,,,,,,,,,,,,,,,,,,,,,,,687107,,614625
Fusoxys1,,,,,667440,,674761,,,,,,,,,,,,,,,,,,,,,,,,,,793161
FoxII5,,,,,6082,6402,16240,,,,,,,,,,,,,,,,,,,,,,,,,,9779
Fusoxcub1,,,,,6082,"6401,6402",16240,,,,,,,,,,,,,,,,,,,,,,,,,,9779
Fusoxy1,,,,,593959,583289,466306,,,,,,,,,,,,,,,,,,,,,,,,,,571418
Fusoxrap1,,,,,"21472,20010,7112",,,,,,,,,,,,,,,,,,,,,,,,,,,,17443
FusoxT415,,,,,578676,,,,,,,,,,,,,,,,,,,,,,,,,,,,541731
Fusoxpis1,,,,,14932,,,,,,,,,,,,,,,,,,,,,,,,,,,,25965
Fusox32931,,,,,15096,6225,,,,,,,,,,,,,,,,,,,,,,,,,,,3195
FoxMRL8996,,,,,326924,424575,,,,,,,,,,,,,,,,,,,,,,,,,,,520077
Fusve2,,,,,13665,,,,,,,,,,,,,,,,,,,,,,,,,,,,8639
Fusfu1,,,,,6869,,,,,,,,,,,,,,,,,,,,,,,,,,,,
Fusoxmel1,,,,,17010,"19519,19517",,,,,,,,,,,,,,,,,,,,,,,,,,,22349
Fusoxlyc1,,,,,21811,20697,18890,,,,,,,,,,,,,,,,,,,,,,,,,,11994
FusoxFo47_2,,,,,135984,,280670,,,,,,,,,,,,,,,,,,,,,,,,,,265378
FusoxFo47,,,,,21744,,7806,,,,,,,,,,,,,,,,,,,,,,,,,,6500
Fusoxrad1,,,,,"24711,13696",,9178,,,,,,,,,,,,,,,,,,,,,,,,,,20166
FoxPHW726_1,,,,,236407,,,,,,,,,,,,,,,,,,,,,,,,,,,,484466
Fusoxalb1,,,,,"892861,864119",,,,,,,,,,,,,,,,,,,,,,,,,,,,745864
Fox26365_1,,,,,"352148,234054",324723,242188,,,,,,,,,,,,,,,,,,,,,,,,,,372650
FoxF1010_1,,,,,"351550,357189",363517,359203,,,,,,,,,,,,,,,,,,,,,,,,,,373575
FoxF1004_1,,,,,"800553,989495",900771,1001055,,,,,,,,,,,,,,,,,,,,,,,,,,919543
FoxF1008_1,,,,,686093,"747051,815172",875442,,,,,,,,,,,,,,,,,,,,,,,,,,814495
FoxF206_1,,,,,"680301,744801",763642,732561,,,,,,,,,,,,,,,,,,,,,,,,,,622261
FoxF207_1,,,,,"728021,800483",719757,806943,,,,,,,,,,,,,,,,,,,,,,,,,,713137
FoxF1003_1,,,,,"704178,689993",628645,761314,,,,,,,,,,,,,,,,,,,,,,,,,,670304
FoxF204_1,,,,,490188,"483344,399930",262095,,,,,,,,,,,,,,,,,,,,,,,,,,393939
FoxF201_1,,,,,"837736,841926",718705,788868,,,,,,,,,,,,,,,,,,,,,,,,,,747709
FoxF202_1,,,,,"804686,794208",729564,821502,,,,,,,,,,,,,,,,,,,,,,,,,,715542
Theau2,,,,661742,637417,,,,,,,,,,,,,310347,,,,,,,,,,,,,,,
Paevar1,,,,"441790,480050",488445,,,,,,,,,,,,,456077,,,,,,,,,,,,,477633,,
Paevar_HGY_1,,,,"1695,260889","274656,232782",,,,,,,,,,,,,333188,,,,,,,,,,,,,246082,,
Tripara1,,,,"245950,554456",548745,,,,,,,,,,,,,573405,,,,,436502,,,,,,,,,,
Dibbae1,"4377,3921",,11757,1024,,,,,,,,,,,,,,,,,,,,,,,,,,,,,
Kalpfe1,,,,657969,,,,,,,,,,,,,,,,,,,,,,,,,,,,,
Tirniv1,597114,,,276133,,,,,,,,,,,,,,,,,,,,,,,,,,,,,
Tercla1,1096473,,"1142894,1091758",,,,,,,,,,,,,,,,,,,,,,,,,,,,,,
Terbo2,823402,,"4301,745684",,,,,,,,,,,,,,,,,,,,,,,,,,,,,,
Dacma1,,,,,868715,,,,,,,,,,,,,,,,,,,,,,,,,,845312,,
Neora1,,,,,"749531,711696",,,,,,,,,,,,,,,,,,,,,,,,,,,,
Ilyrob1,,,,,"492153,536621",,,,,,,,,,,,,,,,,,,,,,,,,,,,
Ilysp1,,,,,"1743649,1467547",1838956,,,,,,,,,,,,,,,,,,,,,,,,,,,
Ilyeu1,,,,,"632435,479794",560900,,,,,,,,,,,,,,,,,,,,,,,,,,,
FusspF10_1,,,,,430160,,352846,,,,,,,,,,,,,,,,,,,,,,,,,,
Neobo1,,,,,221359,,697466,,,,,,,,,,,,,,,,,,,,,,,,,,
Fusso1,,,,,597406,,,,,,,,,,,,,,,,,,,,,,,,,,,,
FusspF23_1,,,,,"352750,348524",263602,374097,,,,,,,,,,,,,,,,,,,,,,,,,,
FvanT31_1,,,,,268643,,,,,,,,,,,,,,,,,,,,,,,,,,,,
FvanT77_1,,,,,440661,,,,,,,,,,,,,,,,,,,,,,,,,,,,
Fusvan1,,,,,52346,,,,,,,,,,,,,,,,,,,,,,,,,,,,
FvanT299_1,,,,,108807,,,,,,,,,,,,,,,,,,,,,,,,,,,,
Necha2,,,,,50101,,,,,,,,,,,,,,,,,,,,,,,,,,,,
Fusva1,,,,,248614,,,,,,,,,,,,,,,,,,,,,,,,,,,,
FusspF11_1,,,,,145580,,,,,,,,,,,,,,,,,,,,,,,,,,,,
Cormi1,,,,1918,,,,,,,,,,,,,,,,,,3652,,,,,,,,3651,,,
Beaba1,,,,,1935,,,,,,,,,,,,,,,,,6616,,,,,,,,6617,,,
Gymau1,,,,,,,,,,,,,,,,,,,,,,,,,,,,,,,,,
Gymci1_1,,,,,,,,,,,,,,,,,,,,,,,,,,,,,,,,,
Aspste1,,,,511049,455706,,,,,,,,,,,,,,,,,,,,,,,,,,,,
Aspele1,,,,350615,384682,,,,,,,,,,,,,,,,,,,,,,,,,,,,
Aspfloc1,,,,"226998,90406",231584,,,,,,,,,,,,,,,,,,,,,,,,,,,,
Asppul1,,,,492385,"477068,478258",,,,,,,,,,,,,,,,,,,,,,,,,,,,
Aspros1,,,,181278,204813,,,,,,,,,,,,,,,,,,,,,,,,,,,,
Aspmuri1,,,,191703,184819,,,,,,,,,,,,,,,,,,,,,,,,,,,,
Aspsub1,,,,218436,"230566,204634",,,,,,,,,,,,,,,,,,,,,,,,,,,,
Aspwes1,,,,35489,208849,,,,,,,,,,,,,,,,,,,,,,,,,,,,
Aspcre1,,,,,238689,,,,,,,,,,,,,,,,,,,,,,,,,,,,
Aspaff1,,,,,"523572,574483",,,,,,,,,,,,,,,,,,,,,,,,,,,,
Aspwest1,,,,289202,"287428,292155",,,,,,,,,,,,,,,,,,,,,,,,,,,,
Aspnaka1,,,,246994,"230692,251728",,,,,,,,,,,,,,,,,,,,,,,,,,,,
Aspses1,,,,289682,"318802,348108",,,,,,,,,,,,,,,,,,,,,,,,,,,,
Aspneoa1,,,,110565,"45860,158394",,,,,,,,,,,,,,,,,,,,,,,,,,,,
Ustvir1,,,,,,,,,,,,,,,,,,,,,,,,,,,,,,,,,
Cocim1,,,,,,,,,,,,,,,,,,,,,,,,,,,,,,,,,
Cocpo1_1,,,,,,,,,,,,,,,,,,,,,,,,,,,,,,,,,
Dotse1,,,,,,,125146,,,,,,,,,,,,,,,,,,,,,,,,,,
Ascim1,,,"211243,239962,120722",219597,,,,,,,,,,,,,,,,,,,,,,,,,,,,,
Aspcer1,,,,,"135963,130142,149482",,,,,,,,,,,,,,,,,,,,,,152064,,,,,,
Tolinf1,,,,,193473,,,,,,,,,,,,,,,,,,,,,,,,,,,,
Fuseq1,,,,,369838,,185543,,,,,,,,,,,,,,,,,,,,,,,,,,348002
Fusoxcon1,,,,,2461,,,,,,,,,,,,,,,,,,,,,,,,,,,,4232
FoxFo5176,,,,,310436,,,,,,,,,,,,,,,,,,,,,,,,,,,,463550
Fusox2,,,,,"19248,22103","18336,18338",,,,,,,,,,,,,,,,,,,,,,,,,,,10348
Nemsp1,,,,,,,,,,,,,,,,,,,5363,17467,,,,,,,,,,,,,
Hypvin1,,,,,,,,,,,,,,,,,,,432247,434344,,,439130,,,,,,,,,,
Ascsa1,,3004,"6454,591",,,,,,,,,,,,,,,,,,,6839,,,,,,,,,,,
Cloro1,,,,,,,,,,,,,,,,,,,,,,,403707,,,,,,,,,,
Acrst1,,,,,1278961,,,,,,,,,,,,,,,,,,,,,,,,,,1398783,,
Sarstr1,,,,,227936,,,,,,,,,,,,,,,,,,,,,,,,,,322317,,
Acrchr1,,,,,5130,,,,,,,,,,,,,,,,,,,,,,,,,,,,
Triatrob1,,,,86983,93914,,,,,,,,,,,,,,,,,,,,,,,,,,,,
ColoR113_1,"123404,149901",132433,,,,,,,,,,,,,,,,,,,,,,,,,,,,,,,
Erynec1,925,,3846,,,,,,,,,,,,,,,,,,,,,,,,,,,,,,
Sphbr2,501938,547027,"928541,921108",,,,,,,,,,,,,,,,,,,,,,,,,,,,,,
Pyrom1,360983,307240,272944,,,,,,,,,,,,,,,,,,,,,,,,,,,,,,
Pyrdom1,267304,381498,313880,,,,,,,,,,,,,,,,,,,,,,,,,,,,,,
Pyrco1,10515,12856,9801,,,,,,,,,,,,,,,,,,,,,,,,,,,,,,
Pezech1,360699,,579558,,,,,,,,,,,,,,,,,,,,,,,,,,,,,,
Tripra1,380915,409849,366520,,,,,,,,,,,,,,,,,,,,,,,,,,,,,,
Pezsub1,370756,372054,302066,,,,,,,,,,,,,,,,,,,,,,,,,,,,,,
Matter1,910685,,945850,,,,,,,,,,,,,,,,,,,,,,,,,,,,,,
Calful1,824483,,"830678,731666",,,,,,,,,,,,,,,,,,,,,,,,,,,,,,
Tubma1,157041,295152,"353509,273760",,,,,,,,,,,,,,,,,,,,,,,,,,,,,,
Tubbor1,1118788,504688,"969986,1014809",,,,,,,,,,,,,,,,,,,,,,,,,,,,,,
Gyresc1,561404,,"556108,514947",,,,,,,,,,,,,,,,,,,,,,,,,,,,,,
Disven1,116952,435525,"427497,327354",,,,,,,,,,,,,,,,,,,,,,,,,,,,,,
Morpal1,106056,615270,"705561,91006",,,,,,,,,,,,,,,,,,,,,,,,,,,,,,
Morste1,1051735,1051210,"1004030,897724",,,,,,,,,,,,,,,,,,,,,,,,,,,,,,
Morper1,23253,584278,"522442,484185",,,,,,,,,,,,,,,,,,,,,,,,,,,,,,
Mordim1,541010,591218,"629773,541843",,,,,,,,,,,,,,,,,,,,,,,,,,,,,,
Morame1,687277,638333,"744209,769189",,,,,,,,,,,,,,,,,,,,,,,,,,,,,,
Morvulg1,337141,576903,"569362,574732",,,,,,,,,,,,,,,,,,,,,,,,,,,,,,
MorvulMes17_1,366524,567672,"652247,712546",,,,,,,,,,,,,,,,,,,,,,,,,,,,,,
Morfluv1,664285,717774,690660,,,,,,,,,,,,,,,,,,,,,,,,,,,,,,
Morpra1,320352,23190,"648495,596997",,,,,,,,,,,,,,,,,,,,,,,,,,,,,,
Morulm1,371614,12885,"438887,402088",,,,,,,,,,,,,,,,,,,,,,,,,,,,,,
Morana1,538349,480190,"572368,553753",,,,,,,,,,,,,,,,,,,,,,,,,,,,,,
Morpop1,409122,616286,"678051,715834",,,,,,,,,,,,,,,,,,,,,,,,,,,,,,
Morpun1,5641,491293,"527085,513938",,,,,,,,,,,,,,,,,,,,,,,,,,,,,,
Morco1,564736,551443,"343940,516758",,,,,,,,,,,,,,,,,,,,,,,,,,,,,,
Morimp1,553238,570810,"571670,546357",,,,,,,,,,,,,,,,,,,,,,,,,,,,,,
Morexi1,585707,18479,"608810,603860",,,,,,,,,,,,,,,,,,,,,,,,,,,,,,
Morang1,188541,495984,"527664,631822",,,,,,,,,,,,,,,,,,,,,,,,,,,,,,
Mordel1,618748,709715,"783015,281143",,,,,,,,,,,,,,,,,,,,,,,,,,,,,,
Morsny1,490099,573230,"483927,490988",,,,,,,,,,,,,,,,,,,,,,,,,,,,,,
Morpul1,569499,440377,"553369,510589",,,,,,,,,,,,,,,,,,,,,,,,,,,,,,
Moreoh1,139961,484788,"454581,354994",,,,,,,,,,,,,,,,,,,,,,,,,,,,,,
Mordis1,830801,853990,"776899,721721",,,,,,,,,,,,,,,,,,,,,,,,,,,,,,
Morkaki1,803115,845014,"901984,6906",,,,,,,,,,,,,,,,,,,,,,,,,,,,,,
Morcon1,105927,216922,"289591,342524",,,,,,,,,,,,,,,,,,,,,,,,,,,,,,
Morhis1,591648,458601,"490163,498749",,,,,,,,,,,,,,,,,,,,,,,,,,,,,,
Morarb1,478467,804156,"751635,815689",,,,,,,,,,,,,,,,,,,,,,,,,,,,,,
Morsep1,652052,615086,"582005,354581",,,,,,,,,,,,,,,,,,,,,,,,,,,,,,
Morbru1,568655,496380,"530464,613447",,,,,,,,,,,,,,,,,,,,,,,,,,,,,,
Lacsu1,,124210,"453628,403768",,,,,,,,,,,,,,,,,,,,,,,,,,,,,,
Ascni1,,398413,"366980,313040",,,,,,,,,,,,,,,,,,,,,,,,,,,,,,
Rhiund1,,731879,"889528,770804,733163",,,,,,,,,,,,,,,,,,,,,,,,,,,,,,
Wilmi1,,566951,"532846,551357,608195",,,,,,,,,,,,,,,,,,,,,,,,,,,,,,
Chove1,,1667298,"1684966,1810685,1787140",,,,,,,,,,,,,,,,,,,,,,,,,,,,,,
Tubcan1,,519013,"1091943,1134360",,,,,,,,,,,,,,,,,,,,,,,,,,,,,,
Tubbr1_1,,642018,"1112714,917661,1141828",,,,,,,,,,,,,,,,,,,,,,,,,,,,,,
Tubae1,,141,"4475,7300,1261",,,,,,,,,,,,,,,,,,,,,,,,,,,,,,
Tubmes1,,3275361,"2793272,394420,3331411",,,,,,,,,,,,,,,,,,,,,,,,,,,,,,
Tubgib1,,951354,"1020390,1144610,1149683",,,,,,,,,,,,,,,,,,,,,,,,,,,,,,
Tubme1v2,,1973,"5387,7320",,,,,,,,,,,,,,,,,,,,,,,,,,,,,,
Tubmel1,,2349724,"2686079,2357874",,,,,,,,,,,,,,,,,,,,,,,,,,,,,,
Tubin1_1,,409068,"135631,593942,525123",,,,,,,,,,,,,,,,,,,,,,,,,,,,,,
Gyrinf1,,901358,"907880,875862,908202",,,,,,,,,,,,,,,,,,,,,,,,,,,,,,
Leuca1,,986033,"1056116,1002444,1055946",,,,,,,,,,,,,,,,,,,,,,,,,,,,,,
Vercon1,,522982,"436826,530256,466318",,,,,,,,,,,,,,,,,,,,,,,,,,,,,,
Morsem1,,"695425,839818","751661,669736",,,,,,,,,,,,,,,,,,,,,,,,,,,,,,
Geocar1,,,"650519,719531,621271,705606",,,,,,,,,,,,,,,,,,,,,,,,,,,,,,
Trihyb1,,,986129,,,,,,,,,,,,,,,,,,,,,,,,,,,,,,
AcreTS7_1,,,,,,677669,,,,,,,,,,,,,,,,,,,,,,,,,,,
Parbra1,,,,,4747,,,,,,,,,,,,,,,,,,,,,,,,,,,,
Parbr1,,,,,738,,,,,,,,,,,,,,,,,,,,,,,,,,,,
Hisca1,,,,,8497,,,,,,,,,,,,,,,,,,,,,,,,,,,,
Blade1,,,,,"182192,182191,182193",,,,,,,,,,,,,,,,,,,,,,,,,,,,
Stagr1,,,,,331908,,,,,,,,,,,,,,,,,,,,,,,,,,,,
Myrin1,,,,,431038,,,,,,,,,,,,,,,,,,,,,,,,,,,,
Asprobu1,,,,,"172063,173755",,,,,,,,,,,,,,,,,,,,,,,,,,,,
Asptaic1,,,,,"201889,200121",,,,,,,,,,,,,,,,,,,,,,,,,,,,
Aspcam1,,,,,"278659,230569",,,,,,,,,,,,,,,,,,,,,,,,,,,,
Aspcand1,,,,,"132033,132050",,,,,,,,,,,,,,,,,,,,,,,,,,,,
